Date,Open,High,Low,Close,Volume,Dividends,Stock Splits,Capital Gains
2017-08-09 00:00:00-04:00,23.165541016033846,23.211871391109703,23.045080980402297,23.193340301513672,147300,0.0,0.0,0.0
2017-08-10 00:00:00-04:00,23.21186913761054,23.32306450134405,23.19333804981358,23.23040199279785,144100,0.0,0.0,0.0
2017-08-11 00:00:00-04:00,23.2396708576192,23.258203714750113,23.119210821049304,23.22113800048828,66700,0.0,0.0,0.0
2017-08-14 00:00:00-04:00,23.340672747615827,23.361985710807115,23.258204535038598,23.304534912109375,7400,0.0,0.0,0.0
2017-08-15 00:00:00-04:00,23.304533029419943,23.304533029419943,23.234109589440394,23.239669799804688,6900,0.0,0.0,0.0
2017-08-16 00:00:00-04:00,23.295266390046862,23.712246815778904,23.295266390046862,23.665916442871094,66200,0.0,0.0,0.0
2017-08-17 00:00:00-04:00,23.897572034250093,23.897572034250093,23.4249948037526,23.79193687438965,24600,0.0,0.0,0.0
2017-08-18 00:00:00-04:00,23.78637635606853,23.814175640110978,23.56398738590024,23.601051330566406,12500,0.0,0.0,0.0
2017-08-21 00:00:00-04:00,23.72985335482203,23.804910896831522,23.63348461752313,23.70298194885254,11800,0.0,0.0,0.0
2017-08-22 00:00:00-04:00,23.655725352692127,23.804912567138672,23.655725352692127,23.804912567138672,10900,0.0,0.0,0.0
2017-08-23 00:00:00-04:00,23.814178219202688,23.814178219202688,23.62977928631432,23.63904571533203,4800,0.0,0.0,0.0
2017-08-24 00:00:00-04:00,23.788230689758652,23.788230689758652,23.690934077910036,23.7094669342041,5600,0.0,0.0,0.0
2017-08-25 00:00:00-04:00,23.76784684985807,23.814178996458825,23.693717182687543,23.804912567138672,14400,0.0,0.0,0.0
2017-08-28 00:00:00-04:00,23.665917473585118,23.86050716914135,23.665917473585118,23.712247848510742,5600,0.0,0.0,0.0
2017-08-29 00:00:00-04:00,23.675182053257025,23.72151419541386,23.64738453535343,23.680742263793945,9200,0.0,0.0,0.0
2017-08-30 00:00:00-04:00,23.758576517972767,23.758576517972767,23.675180435180664,23.675180435180664,15400,0.0,0.0,0.0
2017-08-31 00:00:00-04:00,23.749313415179603,23.749313415179603,23.71317557888101,23.717809677124023,7200,0.0,0.0,0.0
2017-09-01 00:00:00-04:00,23.702981393235344,23.777111053466797,23.684448536329853,23.777111053466797,14800,0.0,0.0,0.0
2017-09-05 00:00:00-04:00,23.786377428544544,23.906837463378906,23.77711100011259,23.906837463378906,39100,0.0,0.0,0.0
2017-09-06 00:00:00-04:00,23.88830666689202,23.999500274658203,23.86050738125521,23.999500274658203,16700,0.0,0.0,0.0
2017-09-07 00:00:00-04:00,23.925369863605308,24.10142846567114,23.925369863605308,24.093088150024414,32900,0.0,0.0,0.0
2017-09-08 00:00:00-04:00,23.99949834505206,24.068995669861103,23.990231917251496,24.064361572265625,12900,0.0,0.0,0.0
2017-09-11 00:00:00-04:00,24.092163114275852,24.092163114275852,23.851241271046227,24.027299880981445,2100,0.0,0.0,0.0
2017-09-12 00:00:00-04:00,23.906837756592697,24.031005778235148,23.88830666689202,23.999500274658203,8100,0.0,0.0,0.0
2017-09-13 00:00:00-04:00,23.999500274658203,23.999500274658203,23.907765636620628,23.999500274658203,3700,0.0,0.0,0.0
2017-09-14 00:00:00-04:00,24.321288015328204,24.321288015328204,23.85357093811035,23.85357093811035,7200,0.244,0.0,0.0
2017-09-15 00:00:00-04:00,23.8741511970762,24.012596130371094,23.85357224404284,24.012596130371094,1500,0.0,0.0,0.0
2017-09-18 00:00:00-04:00,24.040659639646353,24.040659639646353,23.919052194565822,23.937761306762695,19200,0.0,0.0,0.0
2017-09-19 00:00:00-04:00,24.01259879345937,24.01259879345937,23.82551121790124,23.890993118286133,12300,0.0,0.0,0.0
2017-09-20 00:00:00-04:00,23.890991976190396,23.984533975298383,23.778739079381833,23.80680274963379,26000,0.0,0.0,0.0
2017-09-21 00:00:00-04:00,23.81615674213705,23.947118759155273,23.81615674213705,23.947118759155273,1000,0.0,0.0,0.0
2017-09-22 00:00:00-04:00,23.900345973006136,23.947118759155273,23.900345973006136,23.947118759155273,500,0.0,0.0,0.0
2017-09-25 00:00:00-04:00,24.060304641723633,24.060304641723633,24.060304641723633,24.060304641723633,100,0.0,0.0,0.0
2017-09-26 00:00:00-04:00,23.997628413245177,23.997628413245177,23.993886947631836,23.993886947631836,600,0.0,0.0,0.0
2017-09-27 00:00:00-04:00,23.99388748206666,23.99388748206666,23.806801707838364,23.81615447998047,4100,0.0,0.0,0.0
2017-09-28 00:00:00-04:00,23.816155522185177,23.853573749187785,23.759095045465244,23.80680274963379,10200,0.0,0.0,0.0
2017-09-29 00:00:00-04:00,23.844216473391135,23.909696578979492,23.760027256434945,23.909696578979492,2600,0.0,0.0,0.0
2017-10-02 00:00:00-04:00,23.909700530235966,24.021953432794536,23.909700530235966,23.947118759155273,4200,0.0,0.0,0.0
2017-10-03 00:00:00-04:00,23.890989160703327,24.02194937138063,23.85357093811035,23.85357093811035,14400,0.0,0.0,0.0
2017-10-04 00:00:00-04:00,24.068723678588867,24.068723678588867,24.068723678588867,24.068723678588867,500,0.0,0.0,0.0
2017-10-05 00:00:00-04:00,23.993889761105052,23.993889761105052,23.862929528286184,23.947118759155273,6300,0.0,0.0,0.0
2017-10-06 00:00:00-04:00,24.050011254126304,24.050011254126304,23.85357093811035,23.85357093811035,600,0.0,0.0,0.0
2017-10-09 00:00:00-04:00,23.82550811767578,23.82550811767578,23.82550811767578,23.82550811767578,100,0.0,0.0,0.0
2017-10-10 00:00:00-04:00,23.880701065063477,23.880701065063477,23.880701065063477,23.880701065063477,600,0.0,0.0,0.0
2017-10-11 00:00:00-04:00,23.900345973006136,23.947118759155273,23.900345973006136,23.947118759155273,500,0.0,0.0,0.0
2017-10-12 00:00:00-04:00,23.887246919663504,23.90034294128418,23.85357194526723,23.90034294128418,2100,0.0,0.0,0.0
2017-10-13 00:00:00-04:00,23.900343756175257,23.900343756175257,23.788092648227682,23.797447204589844,8800,0.0,0.0,0.0
2017-10-16 00:00:00-04:00,23.80679994406819,23.947114710393734,23.80679994406819,23.85357093811035,6200,0.0,0.0,0.0
2017-10-17 00:00:00-04:00,23.947115561224553,23.99388655692847,23.816153561695174,23.82550811767578,1200,0.0,0.0,0.0
2017-10-18 00:00:00-04:00,23.825510078935828,24.021952202300994,23.797448192883138,23.80680274963379,10400,0.0,0.0,0.0
2017-10-19 00:00:00-04:00,23.834863044063336,23.956470489501953,23.834863044063336,23.956470489501953,2000,0.0,0.0,0.0
2017-10-20 00:00:00-04:00,23.90034294128418,23.90034294128418,23.90034294128418,23.90034294128418,100,0.0,0.0,0.0
2017-10-23 00:00:00-04:00,23.91905403137207,23.91905403137207,23.91905403137207,23.91905403137207,800,0.0,0.0,0.0
2017-10-24 00:00:00-04:00,23.928407669067383,23.928407669067383,23.928407669067383,23.928407669067383,100,0.0,0.0,0.0
2017-10-25 00:00:00-04:00,23.900345973006136,23.993889761105052,23.900345973006136,23.947118759155273,3400,0.0,0.0,0.0
2017-10-26 00:00:00-04:00,23.947117532495042,23.947117532495042,23.80680274963379,23.80680274963379,1400,0.0,0.0,0.0
2017-10-27 00:00:00-04:00,23.90034294128418,23.90034294128418,23.90034294128418,23.90034294128418,200,0.0,0.0,0.0
2017-10-30 00:00:00-04:00,23.81615447998047,23.81615447998047,23.81615447998047,23.81615447998047,100,0.0,0.0,0.0
2017-10-31 00:00:00-04:00,24.78900548563242,24.78900548563242,24.087429858680558,24.1351375579834,1400,0.0,0.0,0.0
2017-11-01 00:00:00-04:00,23.83486557006836,23.83486557006836,23.83486557006836,23.83486557006836,100,0.0,0.0,0.0
2017-11-02 00:00:00-04:00,24.08743169267517,24.136074316001547,24.068722579657514,24.116430282592773,700,0.0,0.0,0.0
2017-11-03 00:00:00-04:00,23.91624713832436,23.970502853393555,23.844219014501036,23.970502853393555,1900,0.0,0.0,0.0
2017-11-06 00:00:00-05:00,23.806800949250277,23.998564887638384,23.806800949250277,23.90034294128418,2000,0.0,0.0,0.0
2017-11-07 00:00:00-05:00,23.845153686220858,23.99014663696289,23.817091800670244,23.99014663696289,2200,0.0,0.0,0.0
2017-11-08 00:00:00-05:00,23.947116034043813,23.98733901977539,23.79744670379722,23.98733901977539,5200,0.0,0.0,0.0
2017-11-09 00:00:00-05:00,23.975178051131923,23.975178051131923,23.666484832763672,23.666484832763672,24000,0.0,0.0,0.0
2017-11-10 00:00:00-05:00,23.6861302995388,23.844219276040366,23.666486265553335,23.800254821777344,10000,0.0,0.0,0.0
2017-11-13 00:00:00-05:00,23.675838683047573,23.731966018676758,23.675838683047573,23.731966018676758,1900,0.0,0.0,0.0
2017-11-14 00:00:00-05:00,23.675838701550674,23.844217140171594,23.583231630828635,23.76938247680664,15400,0.0,0.0,0.0
2017-11-15 00:00:00-05:00,23.74132055952394,23.74132055952394,23.53552566614592,23.694549560546875,5300,0.0,0.0,0.0
2017-11-16 00:00:00-05:00,23.694547794923967,23.76002790229224,23.68519323898577,23.731966018676758,9100,0.0,0.0,0.0
2017-11-17 00:00:00-05:00,23.85357093811035,23.85357093811035,23.81615271551738,23.85357093811035,7800,0.0,0.0,0.0
2017-11-20 00:00:00-05:00,24.068720457207956,24.08742956857579,23.900342023295575,23.909696578979492,10400,0.0,0.0,0.0
2017-11-21 00:00:00-05:00,24.035982285080294,24.04814338684082,24.035982285080294,24.04814338684082,1200,0.0,0.0,0.0
2017-11-22 00:00:00-05:00,23.955535888671875,23.955535888671875,23.955535888671875,23.955535888671875,600,0.0,0.0,0.0
2017-11-24 00:00:00-05:00,23.90034294128418,23.90034294128418,23.90034294128418,23.90034294128418,100,0.0,0.0,0.0
2017-11-27 00:00:00-05:00,24.124849319458008,24.124849319458008,24.124849319458008,24.124849319458008,800,0.0,0.0,0.0
2017-11-28 00:00:00-05:00,24.039724266620354,24.04627227783203,24.039724266620354,24.04627227783203,1600,0.0,0.0,0.0
2017-11-29 00:00:00-05:00,24.08743201186433,24.115495681762695,24.08743201186433,24.115495681762695,3600,0.0,0.0,0.0
2017-11-30 00:00:00-05:00,24.040660858154297,24.040660858154297,24.040660858154297,24.040660858154297,1000,0.0,0.0,0.0
2017-12-01 00:00:00-05:00,24.087430953979492,24.087430953979492,24.087430953979492,24.087430953979492,300,0.0,0.0,0.0
2017-12-04 00:00:00-05:00,23.881635665893555,23.881635665893555,23.881635665893555,23.881635665893555,1000,0.0,0.0,0.0
2017-12-05 00:00:00-05:00,23.91343879699707,23.91343879699707,23.91343879699707,23.91343879699707,400,0.0,0.0,0.0
2017-12-06 00:00:00-05:00,23.907826951958263,23.965824127197266,23.900342236824823,23.965824127197266,9600,0.0,0.0,0.0
2017-12-07 00:00:00-05:00,23.965826334377628,24.087432002156383,23.657133102416992,23.657133102416992,7100,0.0,0.0,0.0
2017-12-08 00:00:00-05:00,23.769381812118862,23.961145743141504,23.769381812118862,23.909696578979492,7900,0.0,0.0,0.0
2017-12-11 00:00:00-05:00,23.890991382854256,24.00324249267578,23.890991382854256,24.00324249267578,6400,0.0,0.0,0.0
2017-12-12 00:00:00-05:00,23.864798231340124,23.864798231340124,23.86292839050293,23.86292839050293,600,0.0,0.0,0.0
2017-12-13 00:00:00-05:00,23.909697796806004,24.012596130371094,23.909697796806004,24.012596130371094,1300,0.0,0.0,0.0
2017-12-14 00:00:00-05:00,24.204714525395666,24.204714525395666,24.0240108496129,24.17618179321289,6100,0.422,0.0,0.0
2017-12-15 00:00:00-05:00,24.1524052447515,24.19520343569872,24.037325584025833,24.135286331176758,5700,0.0,0.0,0.0
2017-12-18 00:00:00-05:00,24.184741705004843,24.184741705004843,23.871839459792678,24.094388961791992,12600,0.0,0.0,0.0
2017-12-19 00:00:00-05:00,24.100096212994586,24.109607123679393,24.03352165222168,24.03352165222168,800,0.0,0.0,0.0
2017-12-20 00:00:00-05:00,24.06205177307129,24.06205177307129,24.06205177307129,24.06205177307129,700,0.0,0.0,0.0
2017-12-21 00:00:00-05:00,23.928903579711914,23.928903579711914,23.928903579711914,23.928903579711914,100,0.0,0.0,0.0
2017-12-22 00:00:00-05:00,23.947925567626953,23.947925567626953,23.947925567626953,23.947925567626953,100,0.0,0.0,0.0
2017-12-26 00:00:00-05:00,24.03542257925567,24.03542257925567,24.01449966430664,24.01449966430664,1400,0.0,0.0,0.0
2017-12-27 00:00:00-05:00,24.071562150262846,24.071562150262846,24.060150146484375,24.060150146484375,3300,0.0,0.0,0.0
2017-12-28 00:00:00-05:00,24.043032562906486,24.109607123679393,23.947925270079164,24.03352165222168,15900,0.0,0.0,0.0
2017-12-29 00:00:00-05:00,24.17618231443102,24.17618231443102,24.100096840990684,24.15620994567871,1200,0.0,0.0,0.0
2018-01-02 00:00:00-05:00,24.185690903896326,24.185690903896326,24.100094527739333,24.14859962463379,6700,0.0,0.0,0.0
2018-01-03 00:00:00-05:00,23.8718396330654,24.06205240338015,23.8718396330654,24.01449966430664,6300,0.0,0.0,0.0
2018-01-04 00:00:00-05:00,24.185693109195363,24.24275676049633,24.185693109195363,24.233245849609375,2800,0.0,0.0,0.0
2018-01-05 00:00:00-05:00,24.228489853097383,24.228489853097383,24.205664031137086,24.21612548828125,1700,0.0,0.0,0.0
2018-01-08 00:00:00-05:00,24.214221954345703,24.214221954345703,24.214221954345703,24.214221954345703,100,0.0,0.0,0.0
2018-01-09 00:00:00-05:00,24.242757384434093,24.355934143066406,24.223735562170614,24.355934143066406,17400,0.0,0.0,0.0
2018-01-10 00:00:00-05:00,24.51856718612567,24.51856718612567,24.33025550842285,24.33025550842285,700,0.0,0.0,0.0
2018-01-11 00:00:00-05:00,24.518566258521403,24.52807716883595,24.41394805908203,24.41394805908203,2500,0.0,0.0,0.0
2018-01-12 00:00:00-05:00,24.34737385013432,24.34737385013432,24.204713821411133,24.204713821411133,4000,0.0,0.0,0.0
2018-01-16 00:00:00-05:00,24.20471319317585,24.413947775604445,24.20471319317585,24.25226593017578,2500,0.0,0.0,0.0
2018-01-17 00:00:00-05:00,24.49003294816171,24.49003294816171,24.2998183744124,24.337862014770508,1400,0.0,0.0,0.0
2018-01-18 00:00:00-05:00,24.299818898308878,24.299818898308878,24.204713423404396,24.218978881835938,4100,0.0,0.0,0.0
2018-01-19 00:00:00-05:00,24.347373689088304,24.347373689088304,24.306476593017578,24.306476593017578,200,0.0,0.0,0.0
2018-01-22 00:00:00-05:00,24.261777877807617,24.261777877807617,24.261777877807617,24.261777877807617,100,0.0,0.0,0.0
2018-01-23 00:00:00-05:00,24.261777877807617,24.261777877807617,24.261777877807617,24.261777877807617,800,0.0,0.0,0.0
2018-01-24 00:00:00-05:00,24.055395126342773,24.055395126342773,24.055395126342773,24.055395126342773,500,0.0,0.0,0.0
2018-01-25 00:00:00-05:00,24.06205177307129,24.06205177307129,24.06205177307129,24.06205177307129,100,0.0,0.0,0.0
2018-01-26 00:00:00-05:00,24.06205177307129,24.06205177307129,24.06205177307129,24.06205177307129,2000,0.0,0.0,0.0
2018-01-29 00:00:00-05:00,24.024010167091177,24.090584726272198,23.586517356154815,23.957435607910156,7800,0.0,0.0,0.0
2018-01-30 00:00:00-05:00,23.936511175597246,23.957435904470792,23.87183952331543,23.87183952331543,2500,0.0,0.0,0.0
2018-01-31 00:00:00-05:00,24.20471307674759,24.20471307674759,24.10960578918457,24.10960578918457,1100,0.0,0.0,0.0
2018-02-01 00:00:00-05:00,24.394926071166992,24.394926071166992,24.394926071166992,24.394926071166992,800,0.0,0.0,0.0
2018-02-02 00:00:00-05:00,23.909880014543187,24.195201873779297,23.900369104499923,24.195201873779297,400,0.0,0.0,0.0
2018-02-05 00:00:00-05:00,24.063955528481582,24.299819946289062,24.063955528481582,24.299819946289062,1100,0.0,0.0,0.0
2018-02-06 00:00:00-05:00,24.08582890474938,24.08582890474938,23.881348875777174,23.93175506591797,900,0.0,0.0,0.0
2018-02-07 00:00:00-05:00,23.955532243660663,23.955532243660663,23.925098419189453,23.925098419189453,400,0.0,0.0,0.0
2018-02-08 00:00:00-05:00,24.01449966430664,24.01449966430664,24.01449966430664,24.01449966430664,300,0.0,0.0,0.0
2018-02-09 00:00:00-05:00,24.01449966430664,24.07251567487538,24.01449966430664,24.01449966430664,2200,0.0,0.0,0.0
2018-02-12 00:00:00-05:00,23.976455688476562,23.976455688476562,23.976455688476562,23.976455688476562,300,0.0,0.0,0.0
2018-02-13 00:00:00-05:00,23.976455688476562,23.976455688476562,23.976455688476562,23.976455688476562,200,0.0,0.0,0.0
2018-02-14 00:00:00-05:00,24.01449966430664,24.01449966430664,24.01449966430664,24.01449966430664,800,0.0,0.0,0.0
2018-02-15 00:00:00-05:00,23.976455688476562,23.976455688476562,23.976455688476562,23.976455688476562,100,0.0,0.0,0.0
2018-02-16 00:00:00-05:00,24.10960578918457,24.10960578918457,24.10960578918457,24.10960578918457,100,0.0,0.0,0.0
2018-02-20 00:00:00-05:00,24.109608961400507,24.20661735534668,24.109608961400507,24.20661735534668,2200,0.0,0.0,0.0
2018-02-21 00:00:00-05:00,24.109606789004264,24.109606789004264,23.881350377799645,23.9954776763916,4000,0.0,0.0,0.0
2018-02-22 00:00:00-05:00,24.062051238392744,24.10960578918457,24.062051238392744,24.10960578918457,400,0.0,0.0,0.0
2018-02-23 00:00:00-05:00,23.909881405131,24.252266930519074,23.890861397958883,24.138137817382812,1600,0.0,0.0,0.0
2018-02-26 00:00:00-05:00,24.138137817382812,24.138137817382812,24.138137817382812,24.138137817382812,700,0.0,0.0,0.0
2018-02-27 00:00:00-05:00,24.157160874440965,24.157160874440965,23.91939353942871,23.91939353942871,300,0.0,0.0,0.0
2018-02-28 00:00:00-05:00,23.938412917857143,24.127675131231697,23.881349271205334,23.96694564819336,2400,0.0,0.0,0.0
2018-03-01 00:00:00-05:00,23.943168567885202,24.094388961791992,23.943168567885202,24.094388961791992,3200,0.0,0.0,0.0
2018-03-02 00:00:00-05:00,24.06205177307129,24.06205177307129,24.06205177307129,24.06205177307129,100,0.0,0.0,0.0
2018-03-05 00:00:00-05:00,23.91939323937113,24.004989624023438,23.91939323937113,24.004989624023438,2400,0.0,0.0,0.0
2018-03-06 00:00:00-05:00,24.004989624023438,24.004989624023438,24.004989624023438,24.004989624023438,300,0.0,0.0,0.0
2018-03-07 00:00:00-05:00,24.014498619068494,24.202810287475586,23.976454978248977,24.202810287475586,4000,0.0,0.0,0.0
2018-03-08 00:00:00-05:00,24.0145006389881,24.20471523104385,23.96694789798456,24.14764976501465,2900,0.0,0.0,0.0
2018-03-09 00:00:00-05:00,24.119117736816406,24.119117736816406,24.119117736816406,24.119117736816406,400,0.0,0.0,0.0
2018-03-12 00:00:00-04:00,24.109606826248932,24.128628647383877,24.109606826248932,24.119117736816406,800,0.0,0.0,0.0
2018-03-13 00:00:00-04:00,24.242755889892578,24.242755889892578,24.242755889892578,24.242755889892578,100,0.0,0.0,0.0
2018-03-14 00:00:00-04:00,24.515472193447696,24.515472193447696,24.351068561078733,24.354936599731445,5000,0.422,0.0,0.0
2018-03-15 00:00:00-04:00,24.4187637015388,24.42166519165039,24.399421663833703,24.42166519165039,4800,0.0,0.0,0.0
2018-03-16 00:00:00-04:00,24.418762941289813,24.418762941289813,24.133474349975586,24.133474349975586,6800,0.0,0.0,0.0
2018-03-19 00:00:00-04:00,24.273700714111328,24.273700714111328,24.273700714111328,24.273700714111328,100,0.0,0.0,0.0
2018-03-20 00:00:00-04:00,24.27370256603322,24.32205581665039,24.225347470857773,24.32205581665039,2300,0.0,0.0,0.0
2018-03-21 00:00:00-04:00,24.2253475189209,24.27370261419228,24.2253475189209,24.2253475189209,1800,0.0,0.0,0.0
2018-03-22 00:00:00-04:00,24.418764210889872,24.418764210889872,24.2253475189209,24.2253475189209,2900,0.0,0.0,0.0
2018-03-23 00:00:00-04:00,24.22534730678929,24.2882080078125,24.138309980621226,24.2882080078125,1700,0.0,0.0,0.0
2018-03-26 00:00:00-04:00,24.244688516818126,24.273701572736158,24.118968963623047,24.118968963623047,2300,0.0,0.0,0.0
2018-03-27 00:00:00-04:00,24.118968151058798,24.19053147310915,24.118968151058798,24.176992416381836,1100,0.0,0.0,0.0
2018-03-28 00:00:00-04:00,24.409090996266233,24.409090996266233,24.273700430801142,24.284337997436523,1200,0.0,0.0,0.0
2018-03-29 00:00:00-04:00,24.370410911825836,24.370410911825836,24.32205581665039,24.32205581665039,1300,0.0,0.0,0.0
2018-04-02 00:00:00-04:00,24.273701620835492,24.273701620835492,24.170223750203483,24.197301864624023,2400,0.0,0.0,0.0
2018-04-03 00:00:00-04:00,24.248558044433594,24.248558044433594,24.248558044433594,24.248558044433594,400,0.0,0.0,0.0
2018-04-04 00:00:00-04:00,24.50580149660506,24.50580149660506,24.331726843037405,24.370410919189453,2900,0.0,0.0,0.0
2018-04-05 00:00:00-04:00,24.370410919189453,24.370410919189453,24.370410919189453,24.370410919189453,100,0.0,0.0,0.0
2018-04-06 00:00:00-04:00,24.2253475189209,24.2253475189209,24.2253475189209,24.2253475189209,100,0.0,0.0,0.0
2018-04-09 00:00:00-04:00,24.370409526445226,24.39748764038086,24.322054434018614,24.39748764038086,3200,0.0,0.0,0.0
2018-04-10 00:00:00-04:00,24.344299907021163,24.53384671972257,24.225348030245296,24.47582244873047,1700,0.0,0.0,0.0
2018-04-11 00:00:00-04:00,24.235017776489258,24.235017776489258,24.235017776489258,24.235017776489258,100,0.0,0.0,0.0
2018-04-12 00:00:00-04:00,24.244690105068205,24.27853775024414,24.23501908579532,24.27853775024414,1300,0.0,0.0,0.0
2018-04-13 00:00:00-04:00,24.2253475189209,24.2253475189209,24.2253475189209,24.2253475189209,100,0.0,0.0,0.0
2018-04-16 00:00:00-04:00,24.28337287902832,24.28337287902832,24.28337287902832,24.28337287902832,200,0.0,0.0,0.0
2018-04-17 00:00:00-04:00,24.27370256603322,24.33172683568548,24.27370256603322,24.32205581665039,1400,0.0,0.0,0.0
2018-04-18 00:00:00-04:00,24.50483426658955,24.50483426658955,24.484525680541992,24.484525680541992,1500,0.0,0.0,0.0
2018-04-19 00:00:00-04:00,24.32205453147954,24.554153442382812,24.32205453147954,24.554153442382812,5800,0.0,0.0,0.0
2018-04-20 00:00:00-04:00,24.534813533476083,24.543516159057617,24.497096007428784,24.543516159057617,800,0.0,0.0,0.0
2018-04-23 00:00:00-04:00,24.370410919189453,24.370410919189453,24.370410919189453,24.370410919189453,100,0.0,0.0,0.0
2018-04-24 00:00:00-04:00,24.313352151506354,24.313352151506354,24.21567726135254,24.21567726135254,2600,0.0,0.0,0.0
2018-04-25 00:00:00-04:00,24.27370218207694,24.322055431929268,24.27370218207694,24.30271339416504,1500,0.0,0.0,0.0
2018-04-26 00:00:00-04:00,24.322055768777616,24.418764114379883,24.26403149923956,24.418764114379883,3400,0.0,0.0,0.0
2018-04-27 00:00:00-04:00,24.322056857713232,24.64119312129814,24.322056857713232,24.525144577026367,2800,0.0,0.0,0.0
2018-04-30 00:00:00-04:00,25.124731844708634,25.865515667550316,24.439072645677967,24.467117309570312,13400,0.0,0.0,0.0
2018-05-01 00:00:00-04:00,24.525143375956382,24.563825607299805,24.435204559587405,24.563825607299805,6300,0.0,0.0,0.0
2018-05-02 00:00:00-04:00,24.510634781303565,24.554153442382812,24.510634781303565,24.554153442382812,700,0.0,0.0,0.0
2018-05-03 00:00:00-04:00,24.476787567138672,24.476787567138672,24.476787567138672,24.476787567138672,100,0.0,0.0,0.0
2018-05-04 00:00:00-04:00,24.476787410613507,24.491294860839844,24.476787410613507,24.491294860839844,800,0.0,0.0,0.0
2018-05-07 00:00:00-04:00,24.525144577026367,24.525144577026367,24.525144577026367,24.525144577026367,100,0.0,0.0,0.0
2018-05-08 00:00:00-04:00,24.467117309570312,24.467117309570312,24.467117309570312,24.467117309570312,100,0.0,0.0,0.0
2018-05-09 00:00:00-04:00,24.467117309570312,24.467117309570312,24.467117309570312,24.467117309570312,100,0.0,0.0,0.0
2018-05-10 00:00:00-04:00,24.46711741306018,24.46711741306018,24.27370256603322,24.32205581665039,2900,0.0,0.0,0.0
2018-05-11 00:00:00-04:00,24.370410919189453,24.370410919189453,24.370410919189453,24.370410919189453,100,0.0,0.0,0.0
2018-05-14 00:00:00-04:00,24.631520999058253,24.631520999058253,24.418764114379883,24.418764114379883,700,0.0,0.0,0.0
2018-05-15 00:00:00-04:00,24.538681121983505,24.567692332800814,24.486457991219282,24.520305633544922,2800,0.0,0.0,0.0
2018-05-16 00:00:00-04:00,24.544482808840865,24.573495864868164,24.544482808840865,24.573495864868164,1400,0.0,0.0,0.0
2018-05-17 00:00:00-04:00,24.563825607299805,24.563825607299805,24.563825607299805,24.563825607299805,100,0.0,0.0,0.0
2018-05-18 00:00:00-04:00,24.61218080558442,24.6218499800422,24.418764114379883,24.418764114379883,1700,0.0,0.0,0.0
2018-05-21 00:00:00-04:00,24.428435133395936,24.43810615241199,24.418764114379883,24.418764114379883,4100,0.0,0.0,0.0
2018-05-22 00:00:00-04:00,24.582200533658536,24.58316708216646,24.28337287902832,24.28337287902832,8000,0.0,0.0,0.0
2018-05-23 00:00:00-04:00,24.515470944533405,24.525141962951636,24.490325927734375,24.490325927734375,1300,0.0,0.0,0.0
2018-05-24 00:00:00-04:00,24.515471597371775,24.60250892089546,24.515471597371775,24.573495864868164,1300,0.0,0.0,0.0
2018-05-25 00:00:00-04:00,24.418764222722086,25.297840118408203,24.3317268957497,25.297840118408203,12000,0.0,0.0,0.0
2018-05-29 00:00:00-04:00,24.56382556001949,24.699217980856524,24.56382556001949,24.660533905029297,4800,0.0,0.0,0.0
2018-05-30 00:00:00-04:00,24.684710530142183,24.692448452042584,24.635390731388206,24.660533905029297,3800,0.0,0.0,0.0
2018-05-31 00:00:00-04:00,24.70888715525507,24.70888715525507,24.660533905029297,24.660533905029297,2300,0.0,0.0,0.0
2018-06-01 00:00:00-04:00,24.660533905029297,24.660533905029297,24.660533905029297,24.660533905029297,100,0.0,0.0,0.0
2018-06-04 00:00:00-04:00,24.660533905029297,24.660533905029297,24.660533905029297,24.660533905029297,100,0.0,0.0,0.0
2018-06-05 00:00:00-04:00,24.706954058198665,24.706954058198665,24.660533905029297,24.660533905029297,1600,0.0,0.0,0.0
2018-06-06 00:00:00-04:00,24.660533850101654,24.708887100219727,24.660533850101654,24.708887100219727,1400,0.0,0.0,0.0
2018-06-07 00:00:00-04:00,24.95065694561401,24.95065694561401,24.708887006821012,24.90230369567871,1800,0.0,0.0,0.0
2018-06-08 00:00:00-04:00,24.612180709838867,24.612180709838867,24.612180709838867,24.612180709838867,100,0.0,0.0,0.0
2018-06-11 00:00:00-04:00,24.90230319237457,24.927446365356445,24.90230319237457,24.927446365356445,4100,0.0,0.0,0.0
2018-06-12 00:00:00-04:00,24.7108211517334,24.7108211517334,24.7108211517334,24.7108211517334,200,0.0,0.0,0.0
2018-06-13 00:00:00-04:00,24.612180709838867,24.612180709838867,24.612180709838867,24.612180709838867,100,0.0,0.0,0.0
2018-06-14 00:00:00-04:00,24.791154880120626,24.86589241027832,24.791154880120626,24.86589241027832,400,0.422,0.0,0.0
2018-06-15 00:00:00-04:00,24.83049201965332,24.83049201965332,24.83049201965332,24.83049201965332,100,0.0,0.0,0.0
2018-06-18 00:00:00-04:00,24.89441142949265,25.159924163350027,24.89441142949265,24.958330154418945,4500,0.0,0.0,0.0
2018-06-19 00:00:00-04:00,24.83049201965332,24.83049201965332,24.83049201965332,24.83049201965332,1000,0.0,0.0,0.0
2018-06-20 00:00:00-04:00,24.890479694146084,25.12255881135937,24.890479694146084,24.93866539001465,1000,0.0,0.0,0.0
2018-06-21 00:00:00-04:00,24.889493942260742,24.889493942260742,24.889493942260742,24.889493942260742,100,0.0,0.0,0.0
2018-06-22 00:00:00-04:00,24.890478456912163,25.210077712187054,24.87965965270996,24.87965965270996,2200,0.0,0.0,0.0
2018-06-25 00:00:00-04:00,25.07633835083138,25.273016264631153,25.07633835083138,25.194345474243164,4400,0.0,0.0,0.0
2018-06-26 00:00:00-04:00,25.174676136353924,25.174676136353924,24.8796592793814,25.00946617126465,5000,0.0,0.0,0.0
2018-06-27 00:00:00-04:00,24.938664277196303,24.977998733520508,24.928830194200366,24.977998733520508,1700,0.0,0.0,0.0
2018-06-28 00:00:00-04:00,25.145175559440684,25.31235122680664,25.027170309335084,25.31235122680664,2400,0.0,0.0,0.0
2018-06-29 00:00:00-04:00,25.027170181274414,25.027170181274414,25.027170181274414,25.027170181274414,500,0.0,0.0,0.0
2018-07-02 00:00:00-04:00,25.125507354736328,25.125507354736328,25.125507354736328,25.125507354736328,700,0.0,0.0,0.0
2018-07-03 00:00:00-04:00,25.243512979355206,25.243512979355206,25.145174026489258,25.145174026489258,300,0.0,0.0,0.0
2018-07-05 00:00:00-04:00,25.027170131688607,25.046836422793525,25.027170131688607,25.034053802490234,400,0.0,0.0,0.0
2018-07-06 00:00:00-04:00,25.027170265267824,25.027170265267824,24.87966088940611,24.93866539001465,2600,0.0,0.0,0.0
2018-07-09 00:00:00-04:00,24.948497996416883,25.145174026489258,24.938663913564337,25.145174026489258,600,0.0,0.0,0.0
2018-07-10 00:00:00-04:00,24.928831100463867,24.928831100463867,24.928831100463867,24.928831100463867,100,0.0,0.0,0.0
2018-07-11 00:00:00-04:00,24.958330154418945,24.958330154418945,24.958330154418945,24.958330154418945,100,0.0,0.0,0.0
2018-07-12 00:00:00-04:00,25.099938972871854,25.099938972871854,24.977998595189003,25.03601837158203,1800,0.0,0.0,0.0
2018-07-13 00:00:00-04:00,24.987832609798893,24.987832609798893,24.968164443969727,24.968164443969727,800,0.0,0.0,0.0
2018-07-16 00:00:00-04:00,24.93866539001465,24.93866539001465,24.93866539001465,24.93866539001465,100,0.0,0.0,0.0
2018-07-17 00:00:00-04:00,24.977998733520508,24.977998733520508,24.977998733520508,24.977998733520508,100,0.0,0.0,0.0
2018-07-18 00:00:00-04:00,24.977998733520508,24.977998733520508,24.977998733520508,24.977998733520508,100,0.0,0.0,0.0
2018-07-19 00:00:00-04:00,25.12058996360307,25.15500831604004,25.086171611166105,25.15500831604004,1300,0.0,0.0,0.0
2018-07-20 00:00:00-04:00,25.0763372727574,25.0763372727574,24.899327533079475,24.958330154418945,7300,0.0,0.0,0.0
2018-07-23 00:00:00-04:00,25.076338599446334,25.076338599446334,24.928831100463867,24.928831100463867,800,0.0,0.0,0.0
2018-07-24 00:00:00-04:00,25.003568393500718,25.07633835882642,25.00061798095703,25.00061798095703,600,0.0,0.0,0.0
2018-07-25 00:00:00-04:00,25.027170181274414,25.027170181274414,25.027170181274414,25.027170181274414,100,0.0,0.0,0.0
2018-07-26 00:00:00-04:00,25.027169148500196,25.027169148500196,24.977998733520508,24.977998733520508,3200,0.0,0.0,0.0
2018-07-27 00:00:00-04:00,24.928831100463867,24.928831100463867,24.928831100463867,24.928831100463867,100,0.0,0.0,0.0
2018-07-30 00:00:00-04:00,24.93866539001465,24.93866539001465,24.93866539001465,24.93866539001465,100,0.0,0.0,0.0
2018-07-31 00:00:00-04:00,24.928830194200366,25.027169148500196,24.928830194200366,24.977998733520508,1900,0.0,0.0,0.0
2018-08-01 00:00:00-04:00,24.889493862216614,24.977998733520508,24.889493862216614,24.977998733520508,1600,0.0,0.0,0.0
2018-08-02 00:00:00-04:00,24.977998733520508,24.977998733520508,24.977998733520508,24.977998733520508,100,0.0,0.0,0.0
2018-08-03 00:00:00-04:00,24.928831100463867,24.928831100463867,24.928831100463867,24.928831100463867,200,0.0,0.0,0.0
2018-08-06 00:00:00-04:00,25.15009255789855,25.15009255789855,24.948498544144282,25.106822967529297,2800,0.0,0.0,0.0
2018-08-07 00:00:00-04:00,24.928831100463867,24.99766780827838,24.928831100463867,24.928831100463867,4000,0.0,0.0,0.0
2018-08-08 00:00:00-04:00,24.987832689455683,24.987832689455683,24.87965965270996,24.87965965270996,7100,0.0,0.0,0.0
2018-08-09 00:00:00-04:00,24.879660722997873,25.12550718024354,24.879660722997873,25.11567497253418,1300,0.0,0.0,0.0
2018-08-10 00:00:00-04:00,25.18451007289271,25.223844528198242,25.18451007289271,25.223844528198242,1200,0.0,0.0,0.0
2018-08-13 00:00:00-04:00,25.223844528198242,25.223844528198242,25.223844528198242,25.223844528198242,200,0.0,0.0,0.0
2018-08-14 00:00:00-04:00,25.293665952963313,25.341851645433824,25.223844528198242,25.223844528198242,4900,0.0,0.0,0.0
2018-08-15 00:00:00-04:00,25.223844528198242,25.223844528198242,25.223844528198242,25.223844528198242,100,0.0,0.0,0.0
2018-08-16 00:00:00-04:00,25.335951304404897,25.335951304404897,25.31136703491211,25.31136703491211,1000,0.0,0.0,0.0
2018-08-17 00:00:00-04:00,25.267114639282227,25.267114639282227,25.267114639282227,25.267114639282227,500,0.0,0.0,0.0
2018-08-20 00:00:00-04:00,25.32218460917464,25.39692214081346,25.32218460917464,25.371353149414062,5000,0.0,0.0,0.0
2018-08-21 00:00:00-04:00,25.278915101365982,25.513944625854492,25.278915101365982,25.513944625854492,3500,0.0,0.0,0.0
2018-08-22 00:00:00-04:00,25.518862564358617,25.558197021484375,25.47657581904842,25.558197021484375,1400,0.0,0.0,0.0
2018-08-23 00:00:00-04:00,25.253347396850586,25.253347396850586,25.253347396850586,25.253347396850586,100,0.0,0.0,0.0
2018-08-24 00:00:00-04:00,25.253347728638754,25.361520767211914,25.253347728638754,25.361520767211914,1100,0.0,0.0,0.0
2018-08-27 00:00:00-04:00,25.361520323725237,25.451008040122765,25.361520323725237,25.423473358154297,900,0.0,0.0,0.0
2018-08-28 00:00:00-04:00,25.253347396850586,25.253347396850586,25.253347396850586,25.253347396850586,100,0.0,0.0,0.0
2018-08-29 00:00:00-04:00,25.371353149414062,25.371353149414062,25.371353149414062,25.371353149414062,1400,0.0,0.0,0.0
2018-08-30 00:00:00-04:00,25.361520767211914,25.361520767211914,25.361520767211914,25.361520767211914,100,0.0,0.0,0.0
2018-08-31 00:00:00-04:00,25.656535051027426,25.656535051027426,25.41757227740105,25.420522689819336,800,0.0,0.0,0.0
2018-09-04 00:00:00-04:00,25.656536226352593,25.656536226352593,25.376271417350342,25.523778915405273,15300,0.0,0.0,0.0
2018-09-05 00:00:00-04:00,25.322185226370088,25.400856018066406,25.27301668493225,25.400856018066406,8200,0.0,0.0,0.0
2018-09-06 00:00:00-04:00,25.37922149190765,25.37922149190765,25.332018643000406,25.378236770629883,4400,0.0,0.0,0.0
2018-09-07 00:00:00-04:00,25.361520767211914,25.361520767211914,25.361520767211914,25.361520767211914,700,0.0,0.0,0.0
2018-09-10 00:00:00-04:00,25.361520883807806,25.361520883807806,25.2749817022876,25.34086799621582,1000,0.0,0.0,0.0
2018-09-11 00:00:00-04:00,25.233679883863548,25.469692254580963,25.233679883863548,25.3507022857666,800,0.0,0.0,0.0
2018-09-12 00:00:00-04:00,25.27301521806172,25.301532745361328,25.27301521806172,25.301532745361328,1000,0.0,0.0,0.0
2018-09-13 00:00:00-04:00,25.37135267506029,25.37135267506029,24.918996111204425,24.977998733520508,4600,0.0,0.0,0.0
2018-09-14 00:00:00-04:00,25.329999923706055,25.329999923706055,25.299999237060547,25.299999237060547,1000,0.422,0.0,0.0
2018-09-17 00:00:00-04:00,25.41900062561035,25.41900062561035,25.349000930786133,25.349000930786133,1600,0.0,0.0,0.0
2018-09-18 00:00:00-04:00,25.440000534057617,25.565000534057617,25.440000534057617,25.510000228881836,5500,0.0,0.0,0.0
2018-09-19 00:00:00-04:00,25.309999465942383,25.309999465942383,25.309999465942383,25.309999465942383,100,0.0,0.0,0.0
2018-09-20 00:00:00-04:00,25.690000534057617,25.770999908447266,25.690000534057617,25.770999908447266,5600,0.0,0.0,0.0
2018-09-21 00:00:00-04:00,25.700000762939453,25.700000762939453,25.5,25.5,300,0.0,0.0,0.0
2018-09-24 00:00:00-04:00,25.329999923706055,25.400999069213867,25.329999923706055,25.400999069213867,1000,0.0,0.0,0.0
2018-09-25 00:00:00-04:00,25.489999771118164,25.5,25.440000534057617,25.5,1400,0.0,0.0,0.0
2018-09-26 00:00:00-04:00,25.329999923706055,25.329999923706055,25.329999923706055,25.329999923706055,100,0.0,0.0,0.0
2018-09-27 00:00:00-04:00,25.739999771118164,25.760000228881836,25.5,25.551000595092773,10300,0.0,0.0,0.0
2018-09-28 00:00:00-04:00,25.5,25.589000701904297,25.5,25.589000701904297,2400,0.0,0.0,0.0
2018-10-01 00:00:00-04:00,25.899999618530273,25.899999618530273,25.75,25.802000045776367,6200,0.0,0.0,0.0
2018-10-02 00:00:00-04:00,25.5,25.5,25.5,25.5,100,0.0,0.0,0.0
2018-10-03 00:00:00-04:00,25.625999450683594,25.690000534057617,25.625999450683594,25.690000534057617,500,0.0,0.0,0.0
2018-10-04 00:00:00-04:00,25.450000762939453,25.450000762939453,25.450000762939453,25.450000762939453,100,0.0,0.0,0.0
2018-10-05 00:00:00-04:00,25.600000381469727,25.604999542236328,25.600000381469727,25.604999542236328,400,0.0,0.0,0.0
2018-10-08 00:00:00-04:00,25.360000610351562,25.600000381469727,25.360000610351562,25.600000381469727,1800,0.0,0.0,0.0
2018-10-09 00:00:00-04:00,25.600000381469727,25.62700080871582,25.5,25.500999450683594,4300,0.0,0.0,0.0
2018-10-10 00:00:00-04:00,25.389999389648438,25.700000762939453,25.304000854492188,25.304000854492188,7400,0.0,0.0,0.0
2018-10-11 00:00:00-04:00,25.309999465942383,25.309999465942383,24.950000762939453,25.100000381469727,8000,0.0,0.0,0.0
2018-10-12 00:00:00-04:00,25.299999237060547,25.299999237060547,25.270000457763672,25.299999237060547,1600,0.0,0.0,0.0
2018-10-15 00:00:00-04:00,25.152000427246094,25.34000015258789,25.06999969482422,25.34000015258789,7700,0.0,0.0,0.0
2018-10-16 00:00:00-04:00,25.290000915527344,25.549999237060547,25.049999237060547,25.316999435424805,4800,0.0,0.0,0.0
2018-10-17 00:00:00-04:00,25.600000381469727,25.71299934387207,25.600000381469727,25.600000381469727,6000,0.0,0.0,0.0
2018-10-18 00:00:00-04:00,25.600000381469727,25.600000381469727,25.600000381469727,25.600000381469727,200,0.0,0.0,0.0
2018-10-19 00:00:00-04:00,25.8700008392334,25.8700008392334,25.600000381469727,25.600000381469727,300,0.0,0.0,0.0
2018-10-22 00:00:00-04:00,25.600000381469727,25.600000381469727,25.600000381469727,25.600000381469727,0,0.0,0.0,0.0
2018-10-23 00:00:00-04:00,25.700000762939453,25.700000762939453,25.700000762939453,25.700000762939453,1100,0.0,0.0,0.0
2018-10-24 00:00:00-04:00,25.559999465942383,25.559999465942383,25.559999465942383,25.559999465942383,600,0.0,0.0,0.0
2018-10-25 00:00:00-04:00,25.562999725341797,25.562999725341797,25.559999465942383,25.559999465942383,600,0.0,0.0,0.0
2018-10-26 00:00:00-04:00,25.510000228881836,25.691999435424805,25.510000228881836,25.691999435424805,800,0.0,0.0,0.0
2018-10-29 00:00:00-04:00,25.691999435424805,25.691999435424805,25.691999435424805,25.691999435424805,0,0.0,0.0,0.0
2018-10-30 00:00:00-04:00,25.645000457763672,25.650999069213867,25.600000381469727,25.600000381469727,4400,0.0,0.0,0.0
2018-10-31 00:00:00-04:00,25.600000381469727,25.600000381469727,25.600000381469727,25.600000381469727,100,0.0,0.0,0.0
2018-11-01 00:00:00-04:00,25.75,25.75,25.701000213623047,25.701000213623047,1200,0.0,0.0,0.0
2018-11-02 00:00:00-04:00,25.850000381469727,25.979999542236328,25.799999237060547,25.799999237060547,2400,0.0,0.0,0.0
2018-11-05 00:00:00-05:00,25.969999313354492,26.280000686645508,25.969999313354492,26.0,5900,0.0,0.0,0.0
2018-11-06 00:00:00-05:00,26.0,26.0,26.0,26.0,100,0.0,0.0,0.0
2018-11-07 00:00:00-05:00,25.72100067138672,25.781999588012695,25.719999313354492,25.77199935913086,1200,0.0,0.0,0.0
2018-11-08 00:00:00-05:00,25.899999618530273,25.964000701904297,25.530000686645508,25.530000686645508,5400,0.0,0.0,0.0
2018-11-09 00:00:00-05:00,25.600000381469727,25.600000381469727,25.600000381469727,25.600000381469727,500,0.0,0.0,0.0
2018-11-12 00:00:00-05:00,25.600000381469727,25.7189998626709,25.59000015258789,25.680999755859375,9100,0.0,0.0,0.0
2018-11-13 00:00:00-05:00,25.649999618530273,25.649999618530273,25.649999618530273,25.649999618530273,100,0.0,0.0,0.0
2018-11-14 00:00:00-05:00,25.461000442504883,25.700000762939453,25.3700008392334,25.65999984741211,3600,0.0,0.0,0.0
2018-11-15 00:00:00-05:00,25.56999969482422,25.579999923706055,25.549999237060547,25.579999923706055,1900,0.0,0.0,0.0
2018-11-16 00:00:00-05:00,25.399999618530273,25.399999618530273,25.360000610351562,25.360000610351562,400,0.0,0.0,0.0
2018-11-19 00:00:00-05:00,26.170000076293945,26.170000076293945,25.100000381469727,25.100000381469727,4800,0.0,0.0,0.0
2018-11-20 00:00:00-05:00,25.100000381469727,25.698999404907227,25.100000381469727,25.694000244140625,3700,0.0,0.0,0.0
2018-11-21 00:00:00-05:00,25.3799991607666,25.423999786376953,25.15999984741211,25.15999984741211,2400,0.0,0.0,0.0
2018-11-23 00:00:00-05:00,25.290000915527344,25.31999969482422,25.284000396728516,25.31399917602539,3900,0.0,0.0,0.0
2018-11-26 00:00:00-05:00,25.25,25.25,25.225000381469727,25.225000381469727,700,0.0,0.0,0.0
2018-11-27 00:00:00-05:00,25.200000762939453,25.200000762939453,25.1200008392334,25.139999389648438,5500,0.0,0.0,0.0
2018-11-28 00:00:00-05:00,25.079999923706055,25.15999984741211,25.079999923706055,25.15999984741211,700,0.0,0.0,0.0
2018-11-29 00:00:00-05:00,25.15999984741211,25.15999984741211,25.15999984741211,25.15999984741211,100,0.0,0.0,0.0
2018-11-30 00:00:00-05:00,25.18000030517578,25.200000762939453,25.1299991607666,25.1299991607666,1800,0.0,0.0,0.0
2018-12-03 00:00:00-05:00,25.170000076293945,25.170000076293945,25.170000076293945,25.170000076293945,300,0.0,0.0,0.0
2018-12-04 00:00:00-05:00,25.200000762939453,25.520000457763672,25.200000762939453,25.25,1600,0.0,0.0,0.0
2018-12-06 00:00:00-05:00,25.690000534057617,25.690000534057617,25.15999984741211,25.15999984741211,2700,0.0,0.0,0.0
2018-12-07 00:00:00-05:00,25.15999984741211,25.25,25.049999237060547,25.06999969482422,7000,0.0,0.0,0.0
2018-12-10 00:00:00-05:00,25.360000610351562,25.360000610351562,25.298999786376953,25.298999786376953,600,0.0,0.0,0.0
2018-12-11 00:00:00-05:00,25.299999237060547,25.5,25.1299991607666,25.295000076293945,5100,0.0,0.0,0.0
2018-12-12 00:00:00-05:00,25.17300033569336,25.18000030517578,25.170000076293945,25.170000076293945,1400,0.0,0.0,0.0
2018-12-13 00:00:00-05:00,25.481000900268555,25.481000900268555,25.290000915527344,25.309999465942383,1900,0.0,0.0,0.0
2018-12-14 00:00:00-05:00,25.023000717163086,25.023000717163086,24.719999313354492,24.8799991607666,5400,0.0,0.0,0.0
2018-12-17 00:00:00-05:00,24.719999313354492,24.799999237060547,24.719999313354492,24.781999588012695,3100,0.0,0.0,0.0
2018-12-18 00:00:00-05:00,24.719999313354492,24.774999618530273,24.719999313354492,24.774999618530273,600,0.0,0.0,0.0
2018-12-19 00:00:00-05:00,24.719999313354492,24.871000289916992,24.56999969482422,24.650999069213867,7100,0.0,0.0,0.0
2018-12-20 00:00:00-05:00,24.702999114990234,24.729999542236328,24.650999069213867,24.700000762939453,8100,0.0,0.0,0.0
2018-12-21 00:00:00-05:00,24.736000061035156,24.8799991607666,24.709999084472656,24.8799991607666,2500,0.0,0.0,0.0
2018-12-24 00:00:00-05:00,24.836000442504883,24.836000442504883,24.56999969482422,24.600000381469727,4800,0.0,0.0,0.0
2018-12-26 00:00:00-05:00,24.719999313354492,24.719999313354492,24.45400047302246,24.520999908447266,5400,0.0,0.0,0.0
2018-12-27 00:00:00-05:00,24.690000534057617,24.690000534057617,24.5,24.5,1700,0.0,0.0,0.0
2018-12-28 00:00:00-05:00,24.520000457763672,24.549999237060547,24.5,24.5,6200,0.0,0.0,0.0
2018-12-31 00:00:00-05:00,24.749000549316406,24.75,24.628000259399414,24.628000259399414,1300,0.0,0.0,0.0
2019-01-02 00:00:00-05:00,24.57200050354004,24.57200050354004,24.450000762939453,24.450000762939453,800,0.0,0.0,0.0
2019-01-03 00:00:00-05:00,24.736000061035156,24.736000061035156,24.736000061035156,24.736000061035156,200,0.0,0.0,0.0
2019-01-04 00:00:00-05:00,24.736000061035156,24.736000061035156,24.736000061035156,24.736000061035156,100,0.0,0.0,0.0
2019-01-07 00:00:00-05:00,24.75,24.75,24.7189998626709,24.7189998626709,800,0.0,0.0,0.0
2019-01-08 00:00:00-05:00,24.59000015258789,24.59000015258789,23.899999618530273,24.40999984741211,4800,0.0,0.0,0.0
2019-01-09 00:00:00-05:00,24.3700008392334,24.3700008392334,24.229999542236328,24.30900001525879,2800,0.0,0.0,0.0
2019-01-10 00:00:00-05:00,24.38599967956543,24.770000457763672,24.25,24.770000457763672,2300,0.0,0.0,0.0
2019-01-11 00:00:00-05:00,24.62299919128418,24.738000869750977,24.597000122070312,24.621000289916992,3900,0.0,0.0,0.0
2019-01-14 00:00:00-05:00,24.719999313354492,24.799999237060547,24.719999313354492,24.75,1500,0.0,0.0,0.0
2019-01-15 00:00:00-05:00,24.815000534057617,24.8799991607666,24.75,24.753000259399414,1800,0.0,0.0,0.0
2019-01-16 00:00:00-05:00,24.75,24.969999313354492,24.538999557495117,24.75,2400,0.0,0.0,0.0
2019-01-17 00:00:00-05:00,24.850000381469727,24.913000106811523,24.75,24.827999114990234,1500,0.0,0.0,0.0
2019-01-18 00:00:00-05:00,24.700000762939453,24.989999771118164,24.62299919128418,24.67099952697754,6400,0.0,0.0,0.0
2019-01-22 00:00:00-05:00,24.719999313354492,24.739999771118164,24.600000381469727,24.739999771118164,900,0.0,0.0,0.0
2019-01-23 00:00:00-05:00,24.690000534057617,24.690000534057617,24.68000030517578,24.68000030517578,300,0.0,0.0,0.0
2019-01-24 00:00:00-05:00,24.700000762939453,24.850000381469727,24.700000762939453,24.850000381469727,6100,0.0,0.0,0.0
2019-01-25 00:00:00-05:00,24.959999084472656,25.0,24.836000442504883,24.981000900268555,3200,0.0,0.0,0.0
2019-01-28 00:00:00-05:00,24.959999084472656,24.979999542236328,24.959999084472656,24.959999084472656,700,0.0,0.0,0.0
2019-01-29 00:00:00-05:00,24.959999084472656,24.959999084472656,24.959999084472656,24.959999084472656,100,0.0,0.0,0.0
2019-01-30 00:00:00-05:00,25.0,25.086999893188477,24.993999481201172,25.0,2400,0.0,0.0,0.0
2019-01-31 00:00:00-05:00,25.0,25.290000915527344,25.0,25.290000915527344,1100,0.0,0.0,0.0
2019-02-01 00:00:00-05:00,25.309999465942383,25.309999465942383,25.309999465942383,25.309999465942383,400,0.0,0.0,0.0
2019-02-04 00:00:00-05:00,25.469999313354492,25.469999313354492,25.18000030517578,25.18000030517578,900,0.0,0.0,0.0
2019-02-05 00:00:00-05:00,25.170000076293945,25.365999221801758,25.170000076293945,25.365999221801758,800,0.0,0.0,0.0
2019-02-06 00:00:00-05:00,25.0,25.25,25.0,25.25,700,0.0,0.0,0.0
2019-02-07 00:00:00-05:00,25.25,25.25,25.25,25.25,0,0.0,0.0,0.0
2019-02-08 00:00:00-05:00,25.15999984741211,25.222000122070312,25.138999938964844,25.149999618530273,4300,0.0,0.0,0.0
2019-02-11 00:00:00-05:00,25.149999618530273,25.149999618530273,25.149999618530273,25.149999618530273,100,0.0,0.0,0.0
2019-02-12 00:00:00-05:00,25.350000381469727,25.450000762939453,25.350000381469727,25.434999465942383,3600,0.0,0.0,0.0
2019-02-13 00:00:00-05:00,25.479999542236328,25.479999542236328,25.399999618530273,25.399999618530273,2400,0.0,0.0,0.0
2019-02-14 00:00:00-05:00,25.399999618530273,25.399999618530273,25.399999618530273,25.399999618530273,0,0.0,0.0,0.0
2019-02-15 00:00:00-05:00,25.35099983215332,25.450000762939453,25.100000381469727,25.100000381469727,13000,0.0,0.0,0.0
2019-02-19 00:00:00-05:00,25.5,25.5,25.34600067138672,25.34600067138672,900,0.0,0.0,0.0
2019-02-20 00:00:00-05:00,25.399999618530273,25.399999618530273,25.399999618530273,25.399999618530273,200,0.0,0.0,0.0
2019-02-21 00:00:00-05:00,25.399999618530273,25.399999618530273,25.399999618530273,25.399999618530273,100,0.0,0.0,0.0
2019-02-22 00:00:00-05:00,25.399999618530273,25.399999618530273,25.399999618530273,25.399999618530273,100,0.0,0.0,0.0
2019-02-25 00:00:00-05:00,25.399999618530273,25.399999618530273,25.399999618530273,25.399999618530273,100,0.0,0.0,0.0
2019-02-26 00:00:00-05:00,25.350000381469727,25.600000381469727,25.350000381469727,25.600000381469727,1700,0.0,0.0,0.0
2019-02-27 00:00:00-05:00,25.600000381469727,25.600000381469727,25.600000381469727,25.600000381469727,100,0.0,0.0,0.0
2019-02-28 00:00:00-05:00,25.690000534057617,25.690000534057617,25.304000854492188,25.448999404907227,600,0.0,0.0,0.0
2019-03-01 00:00:00-05:00,25.68000030517578,25.68000030517578,25.68000030517578,25.68000030517578,400,0.0,0.0,0.0
2019-03-04 00:00:00-05:00,25.610000610351562,25.652000427246094,25.610000610351562,25.610000610351562,1000,0.0,0.0,0.0
2019-03-05 00:00:00-05:00,25.350000381469727,25.75,25.350000381469727,25.75,1000,0.0,0.0,0.0
2019-03-06 00:00:00-05:00,25.75,25.75,25.57699966430664,25.57699966430664,3700,0.0,0.0,0.0
2019-03-07 00:00:00-05:00,25.461000442504883,25.461000442504883,25.459999084472656,25.459999084472656,1000,0.0,0.0,0.0
2019-03-08 00:00:00-05:00,25.510000228881836,25.660999298095703,25.510000228881836,25.660999298095703,1400,0.0,0.0,0.0
2019-03-11 00:00:00-04:00,25.649999618530273,25.649999618530273,25.649999618530273,25.649999618530273,500,0.0,0.0,0.0
2019-03-12 00:00:00-04:00,25.649999618530273,25.649999618530273,25.649999618530273,25.649999618530273,0,0.0,0.0,0.0
2019-03-13 00:00:00-04:00,25.530000686645508,25.55699920654297,25.530000686645508,25.55699920654297,1000,0.0,0.0,0.0
2019-03-14 00:00:00-04:00,25.55699920654297,25.55699920654297,25.55699920654297,25.55699920654297,0,0.0,0.0,0.0
2019-03-15 00:00:00-04:00,25.55699920654297,25.55699920654297,25.135000228881836,25.135000228881836,100,0.0,0.0,0.0
2019-03-18 00:00:00-04:00,25.219999313354492,25.5,25.219999313354492,25.479999542236328,1000,0.0,0.0,0.0
2019-03-19 00:00:00-04:00,25.333999633789062,25.493000030517578,25.31999969482422,25.31999969482422,5900,0.0,0.0,0.0
2019-03-20 00:00:00-04:00,25.600000381469727,25.600000381469727,25.25,25.399999618530273,2300,0.0,0.0,0.0
2019-03-21 00:00:00-04:00,25.219999313354492,25.30500030517578,25.219999313354492,25.30500030517578,200,0.0,0.0,0.0
2019-03-22 00:00:00-04:00,25.309999465942383,25.378999710083008,25.309999465942383,25.378999710083008,400,0.0,0.0,0.0
2019-03-25 00:00:00-04:00,25.3439998626709,25.434999465942383,25.3439998626709,25.399999618530273,1200,0.0,0.0,0.0
2019-03-26 00:00:00-04:00,25.5,25.5,25.399999618530273,25.399999618530273,700,0.0,0.0,0.0
2019-03-27 00:00:00-04:00,25.417999267578125,25.417999267578125,25.31999969482422,25.31999969482422,600,0.0,0.0,0.0
2019-03-28 00:00:00-04:00,25.31999969482422,25.31999969482422,25.31999969482422,25.31999969482422,100,0.0,0.0,0.0
2019-03-29 00:00:00-04:00,25.31999969482422,25.31999969482422,25.31999969482422,25.31999969482422,0,0.0,0.0,0.0
2019-04-01 00:00:00-04:00,25.31999969482422,25.40999984741211,25.31999969482422,25.40999984741211,300,0.0,0.0,0.0
2019-04-02 00:00:00-04:00,25.40999984741211,25.40999984741211,25.40999984741211,25.40999984741211,200,0.0,0.0,0.0
2019-04-03 00:00:00-04:00,25.39299964904785,25.39299964904785,25.39299964904785,25.39299964904785,1100,0.0,0.0,0.0
2019-04-04 00:00:00-04:00,25.459999084472656,25.5,25.389999389648438,25.5,1900,0.0,0.0,0.0
2019-04-05 00:00:00-04:00,25.5,25.5,25.420000076293945,25.420000076293945,300,0.0,0.0,0.0
2019-04-08 00:00:00-04:00,25.43000030517578,25.566999435424805,25.43000030517578,25.541000366210938,800,0.0,0.0,0.0
2019-04-09 00:00:00-04:00,25.507999420166016,25.709999084472656,25.492000579833984,25.709999084472656,3500,0.0,0.0,0.0
2019-04-10 00:00:00-04:00,25.799999237060547,25.799999237060547,25.725000381469727,25.725000381469727,400,0.0,0.0,0.0
2019-04-11 00:00:00-04:00,25.81800079345703,25.81800079345703,25.81800079345703,25.81800079345703,1000,0.0,0.0,0.0
2019-04-12 00:00:00-04:00,25.81800079345703,25.81800079345703,25.81800079345703,25.81800079345703,0,0.0,0.0,0.0
2019-04-15 00:00:00-04:00,25.81800079345703,25.81800079345703,25.81800079345703,25.81800079345703,100,0.0,0.0,0.0
2019-04-16 00:00:00-04:00,25.8799991607666,25.899999618530273,25.350000381469727,25.350000381469727,4100,0.0,0.0,0.0
2019-04-17 00:00:00-04:00,25.700000762939453,25.700000762939453,25.440000534057617,25.459999084472656,700,0.0,0.0,0.0
2019-04-18 00:00:00-04:00,25.389999389648438,25.6299991607666,25.389999389648438,25.6299991607666,500,0.0,0.0,0.0
2019-04-22 00:00:00-04:00,25.67799949645996,25.67799949645996,25.67799949645996,25.67799949645996,300,0.0,0.0,0.0
2019-04-23 00:00:00-04:00,25.804000854492188,25.860000610351562,25.450000762939453,25.601999282836914,2300,0.0,0.0,0.0
2019-04-24 00:00:00-04:00,25.5,25.5,25.5,25.5,100,0.0,0.0,0.0
2019-04-25 00:00:00-04:00,25.420000076293945,25.420000076293945,25.399999618530273,25.399999618530273,600,0.0,0.0,0.0
2019-04-26 00:00:00-04:00,25.399999618530273,25.399999618530273,25.399999618530273,25.399999618530273,1200,0.0,0.0,0.0
2019-04-29 00:00:00-04:00,25.44499969482422,25.450000762939453,25.44499969482422,25.450000762939453,500,0.0,0.0,0.0
2019-04-30 00:00:00-04:00,25.450000762939453,25.450000762939453,25.450000762939453,25.450000762939453,100,0.0,0.0,0.0
2019-05-01 00:00:00-04:00,25.75,25.75,25.75,25.75,600,0.0,0.0,0.0
2019-05-02 00:00:00-04:00,25.59000015258789,25.695999145507812,25.5,25.695999145507812,2100,0.0,0.0,0.0
2019-05-03 00:00:00-04:00,25.579999923706055,25.579999923706055,25.510000228881836,25.549999237060547,1800,0.0,0.0,0.0
2019-05-06 00:00:00-04:00,25.510000228881836,25.51099967956543,25.2549991607666,25.489999771118164,5700,0.0,0.0,0.0
2019-05-07 00:00:00-04:00,25.450000762939453,25.450000762939453,25.450000762939453,25.450000762939453,100,0.0,0.0,0.0
2019-05-08 00:00:00-04:00,25.450000762939453,25.450000762939453,25.450000762939453,25.450000762939453,0,0.0,0.0,0.0
2019-05-09 00:00:00-04:00,25.399999618530273,25.399999618530273,25.399999618530273,25.399999618530273,300,0.0,0.0,0.0
2019-05-10 00:00:00-04:00,25.15999984741211,25.496999740600586,25.15999984741211,25.469999313354492,300,0.0,0.0,0.0
2019-05-13 00:00:00-04:00,25.68000030517578,25.780000686645508,25.68000030517578,25.780000686645508,300,0.0,0.0,0.0
2019-05-14 00:00:00-04:00,25.649999618530273,25.649999618530273,25.649999618530273,25.649999618530273,100,0.0,0.0,0.0
2019-05-15 00:00:00-04:00,25.649999618530273,25.649999618530273,25.399999618530273,25.399999618530273,2200,0.0,0.0,0.0
2019-05-16 00:00:00-04:00,25.350000381469727,25.600000381469727,25.326000213623047,25.600000381469727,8600,0.0,0.0,0.0
2019-05-17 00:00:00-04:00,25.600000381469727,25.600000381469727,25.600000381469727,25.600000381469727,0,0.0,0.0,0.0
2019-05-20 00:00:00-04:00,25.479999542236328,25.479999542236328,25.479999542236328,25.479999542236328,200,0.0,0.0,0.0
2019-05-21 00:00:00-04:00,25.469999313354492,25.576000213623047,25.360000610351562,25.576000213623047,7800,0.0,0.0,0.0
2019-05-22 00:00:00-04:00,25.524999618530273,25.68400001525879,25.524999618530273,25.600000381469727,3800,0.0,0.0,0.0
2019-05-23 00:00:00-04:00,25.709999084472656,25.709999084472656,25.34000015258789,25.489999771118164,7300,0.0,0.0,0.0
2019-05-24 00:00:00-04:00,25.5,25.549999237060547,25.5,25.549999237060547,2200,0.0,0.0,0.0
2019-05-28 00:00:00-04:00,25.719999313354492,25.719999313354492,25.576000213623047,25.576000213623047,900,0.0,0.0,0.0
2019-05-29 00:00:00-04:00,25.600000381469727,25.760000228881836,25.584999084472656,25.75,5300,0.0,0.0,0.0
2019-05-30 00:00:00-04:00,25.75,25.75,25.75,25.75,0,0.0,0.0,0.0
2019-05-31 00:00:00-04:00,25.75,25.75,25.75,25.75,100,0.0,0.0,0.0
2019-06-03 00:00:00-04:00,25.576000213623047,25.576000213623047,25.576000213623047,25.576000213623047,200,0.0,0.0,0.0
2019-06-04 00:00:00-04:00,25.75,25.75,25.75,25.75,300,0.0,0.0,0.0
2019-06-05 00:00:00-04:00,25.701000213623047,25.701000213623047,25.549999237060547,25.549999237060547,700,0.0,0.0,0.0
2019-06-06 00:00:00-04:00,25.549999237060547,25.549999237060547,25.549999237060547,25.549999237060547,100,0.0,0.0,0.0
2019-06-07 00:00:00-04:00,25.600000381469727,25.600000381469727,25.58099937438965,25.591999053955078,600,0.0,0.0,0.0
2019-06-10 00:00:00-04:00,25.600000381469727,25.65999984741211,25.600000381469727,25.65999984741211,300,0.0,0.0,0.0
2019-06-11 00:00:00-04:00,25.84000015258789,26.0,25.84000015258789,26.0,700,0.0,0.0,0.0
2019-06-12 00:00:00-04:00,26.0,26.0,26.0,26.0,100,0.0,0.0,0.0
2019-06-13 00:00:00-04:00,26.030000686645508,26.030000686645508,26.030000686645508,26.030000686645508,800,0.0,0.0,0.0
2019-06-14 00:00:00-04:00,25.6299991607666,25.920000076293945,25.600000381469727,25.920000076293945,4900,0.0,0.0,0.0
2019-06-17 00:00:00-04:00,25.920000076293945,25.920000076293945,25.920000076293945,25.920000076293945,100,0.0,0.0,0.0
2019-06-18 00:00:00-04:00,25.700000762939453,25.700000762939453,25.700000762939453,25.700000762939453,200,0.0,0.0,0.0
2019-06-19 00:00:00-04:00,25.600000381469727,25.75,25.600000381469727,25.75,1300,0.0,0.0,0.0
2019-06-20 00:00:00-04:00,25.75,25.75,25.75,25.75,0,0.0,0.0,0.0
2019-06-21 00:00:00-04:00,25.579999923706055,25.733999252319336,25.579999923706055,25.733999252319336,900,0.0,0.0,0.0
2019-06-24 00:00:00-04:00,25.700000762939453,25.700000762939453,25.56100082397461,25.690000534057617,2500,0.0,0.0,0.0
2019-06-25 00:00:00-04:00,25.68000030517578,25.770000457763672,25.68000030517578,25.760000228881836,2000,0.0,0.0,0.0
2019-06-26 00:00:00-04:00,25.586999893188477,25.6200008392334,25.510000228881836,25.510000228881836,3000,0.0,0.0,0.0
2019-06-27 00:00:00-04:00,25.510000228881836,25.510000228881836,25.510000228881836,25.510000228881836,100,0.0,0.0,0.0
2019-06-28 00:00:00-04:00,25.54800033569336,25.54800033569336,25.54800033569336,25.54800033569336,500,0.0,0.0,0.0
2019-07-01 00:00:00-04:00,25.709999084472656,25.739999771118164,25.670000076293945,25.670000076293945,2200,0.0,0.0,0.0
2019-07-02 00:00:00-04:00,25.600000381469727,25.690000534057617,25.600000381469727,25.690000534057617,300,0.0,0.0,0.0
2019-07-03 00:00:00-04:00,25.6299991607666,25.700000762939453,25.6299991607666,25.700000762939453,2000,0.0,0.0,0.0
2019-07-05 00:00:00-04:00,25.719999313354492,25.739999771118164,25.719999313354492,25.739999771118164,300,0.0,0.0,0.0
2019-07-08 00:00:00-04:00,25.757999420166016,25.757999420166016,25.757999420166016,25.757999420166016,200,0.0,0.0,0.0
2019-07-09 00:00:00-04:00,25.459999084472656,25.600000381469727,25.459999084472656,25.600000381469727,5200,0.0,0.0,0.0
2019-07-10 00:00:00-04:00,25.700000762939453,25.75,25.625999450683594,25.625999450683594,500,0.0,0.0,0.0
2019-07-11 00:00:00-04:00,25.6299991607666,25.6299991607666,25.6299991607666,25.6299991607666,200,0.0,0.0,0.0
2019-07-12 00:00:00-04:00,25.551000595092773,25.551000595092773,25.551000595092773,25.551000595092773,300,0.0,0.0,0.0
2019-07-15 00:00:00-04:00,25.618000030517578,25.618000030517578,25.600000381469727,25.600000381469727,500,0.0,0.0,0.0
2019-07-16 00:00:00-04:00,25.677000045776367,25.799999237060547,25.677000045776367,25.759000778198242,700,0.0,0.0,0.0
2019-07-17 00:00:00-04:00,25.834999084472656,25.834999084472656,25.600000381469727,25.774999618530273,17800,0.0,0.0,0.0
2019-07-18 00:00:00-04:00,25.774999618530273,25.774999618530273,25.774999618530273,25.774999618530273,0,0.0,0.0,0.0
2019-07-19 00:00:00-04:00,25.756999969482422,25.756999969482422,25.559999465942383,25.75,9400,0.0,0.0,0.0
2019-07-22 00:00:00-04:00,25.61199951171875,25.6200008392334,25.540000915527344,25.6200008392334,6000,0.0,0.0,0.0
2019-07-23 00:00:00-04:00,25.725000381469727,25.725000381469727,25.725000381469727,25.725000381469727,600,0.0,0.0,0.0
2019-07-24 00:00:00-04:00,25.930999755859375,25.930999755859375,25.65999984741211,25.65999984741211,2100,0.0,0.0,0.0
2019-07-25 00:00:00-04:00,25.756999969482422,25.783000946044922,25.700000762939453,25.709999084472656,1700,0.0,0.0,0.0
2019-07-26 00:00:00-04:00,25.649999618530273,25.666000366210938,25.459999084472656,25.600000381469727,8000,0.0,0.0,0.0
2019-07-29 00:00:00-04:00,25.610000610351562,26.100000381469727,25.610000610351562,26.100000381469727,2600,0.0,0.0,0.0
2019-07-30 00:00:00-04:00,26.059999465942383,26.059999465942383,25.625,25.75,8900,0.0,0.0,0.0
2019-07-31 00:00:00-04:00,26.059999465942383,26.059999465942383,25.625,25.75,100,0.0,0.0,0.0
2019-08-01 00:00:00-04:00,25.75,25.750999450683594,25.608999252319336,25.639999389648438,3000,0.0,0.0,0.0
2019-08-02 00:00:00-04:00,25.940000534057617,25.940000534057617,25.940000534057617,25.940000534057617,200,0.0,0.0,0.0
2019-08-05 00:00:00-04:00,25.940000534057617,25.940000534057617,25.940000534057617,25.940000534057617,200,0.0,0.0,0.0
2019-08-06 00:00:00-04:00,25.81800079345703,25.81800079345703,25.75,25.77899932861328,6200,0.0,0.0,0.0
2019-08-07 00:00:00-04:00,25.81800079345703,25.81800079345703,25.75,25.77899932861328,600,0.0,0.0,0.0
2019-08-08 00:00:00-04:00,25.799999237060547,25.799999237060547,25.799999237060547,25.799999237060547,800,0.0,0.0,0.0
2019-08-09 00:00:00-04:00,25.799999237060547,25.799999237060547,25.799999237060547,25.799999237060547,800,0.0,0.0,0.0
2019-08-12 00:00:00-04:00,25.575000762939453,25.75,25.420000076293945,25.75,5400,0.0,0.0,0.0
2019-08-13 00:00:00-04:00,25.575000762939453,25.75,25.420000076293945,25.75,5400,0.0,0.0,0.0
2019-08-14 00:00:00-04:00,25.75,25.75,25.452999114990234,25.452999114990234,700,0.0,0.0,0.0
2019-08-15 00:00:00-04:00,25.572999954223633,25.700000762939453,25.555999755859375,25.555999755859375,3700,0.0,0.0,0.0
2019-08-16 00:00:00-04:00,25.625,25.791000366210938,25.625,25.75,3300,0.0,0.0,0.0
2019-08-19 00:00:00-04:00,25.695999145507812,25.75,25.62299919128418,25.660999298095703,5200,0.0,0.0,0.0
2019-08-20 00:00:00-04:00,25.660999298095703,25.660999298095703,25.660999298095703,25.660999298095703,0,0.0,0.0,0.0
2019-08-21 00:00:00-04:00,25.660999298095703,25.660999298095703,25.660999298095703,25.660999298095703,0,0.0,0.0,0.0
2019-08-22 00:00:00-04:00,25.660999298095703,25.660999298095703,25.660999298095703,25.660999298095703,0,0.0,0.0,0.0
2019-08-23 00:00:00-04:00,25.812999725341797,25.812999725341797,25.812999725341797,25.812999725341797,400,0.0,0.0,0.0
2019-08-26 00:00:00-04:00,25.812999725341797,25.812999725341797,25.812999725341797,25.812999725341797,0,0.0,0.0,0.0
2019-08-27 00:00:00-04:00,25.725000381469727,25.75,25.725000381469727,25.735000610351562,1500,0.0,0.0,0.0
2019-08-28 00:00:00-04:00,25.709999084472656,25.709999084472656,25.57200050354004,25.57200050354004,4200,0.0,0.0,0.0
2019-08-29 00:00:00-04:00,25.57200050354004,25.57200050354004,25.57200050354004,25.57200050354004,0,0.0,0.0,0.0
2019-08-30 00:00:00-04:00,25.90999984741211,25.90999984741211,25.709999084472656,25.709999084472656,400,0.0,0.0,0.0
2019-09-03 00:00:00-04:00,25.709999084472656,25.709999084472656,25.709999084472656,25.709999084472656,0,0.0,0.0,0.0
2019-09-04 00:00:00-04:00,25.709999084472656,25.709999084472656,25.709999084472656,25.709999084472656,0,0.0,0.0,0.0
2019-09-05 00:00:00-04:00,25.940000534057617,26.1299991607666,25.940000534057617,26.1299991607666,700,0.0,0.0,0.0
2019-09-06 00:00:00-04:00,25.780000686645508,26.11400032043457,25.780000686645508,25.799999237060547,10300,0.0,0.0,0.0
2019-09-09 00:00:00-04:00,25.899999618530273,26.0,25.805999755859375,25.805999755859375,3400,0.0,0.0,0.0
2019-09-10 00:00:00-04:00,25.739999771118164,25.899999618530273,25.709999084472656,25.899999618530273,1700,0.0,0.0,0.0
2019-09-11 00:00:00-04:00,25.899999618530273,25.899999618530273,25.899999618530273,25.899999618530273,0,0.0,0.0,0.0
2019-09-12 00:00:00-04:00,25.729999542236328,25.81999969482422,25.700000762939453,25.81999969482422,12100,0.0,0.0,0.0
2019-09-13 00:00:00-04:00,25.489999771118164,25.679000854492188,25.489999771118164,25.559999465942383,3800,0.0,0.0,0.0
2019-09-16 00:00:00-04:00,25.540000915527344,25.549999237060547,25.40999984741211,25.549999237060547,1200,0.0,0.0,0.0
2019-09-17 00:00:00-04:00,25.540000915527344,25.540000915527344,25.530000686645508,25.540000915527344,1500,0.0,0.0,0.0
2019-09-18 00:00:00-04:00,25.489999771118164,25.72800064086914,25.364999771118164,25.5,12800,0.0,0.0,0.0
2019-09-19 00:00:00-04:00,25.5,25.5,25.5,25.5,100,0.0,0.0,0.0
2019-09-20 00:00:00-04:00,25.5,25.5,25.5,25.5,200,0.0,0.0,0.0
2019-09-23 00:00:00-04:00,25.600000381469727,25.658000946044922,25.520000457763672,25.64699935913086,1600,0.0,0.0,0.0
2019-09-24 00:00:00-04:00,25.4950008392334,25.684999465942383,25.40999984741211,25.684999465942383,1100,0.0,0.0,0.0
2019-09-25 00:00:00-04:00,25.3799991607666,25.75,25.3799991607666,25.450000762939453,10500,0.0,0.0,0.0
2019-09-26 00:00:00-04:00,25.459999084472656,25.638999938964844,25.450000762939453,25.638999938964844,1500,0.0,0.0,0.0
2019-09-27 00:00:00-04:00,25.56999969482422,25.56999969482422,25.56999969482422,25.56999969482422,100,0.0,0.0,0.0
2019-09-30 00:00:00-04:00,25.520000457763672,25.54400062561035,25.389999389648438,25.520000457763672,5900,0.0,0.0,0.0
2019-10-01 00:00:00-04:00,25.520000457763672,25.520000457763672,25.520000457763672,25.520000457763672,100,0.0,0.0,0.0
2019-10-02 00:00:00-04:00,25.44099998474121,25.44099998474121,25.440000534057617,25.440000534057617,800,0.0,0.0,0.0
2019-10-03 00:00:00-04:00,25.545000076293945,25.549999237060547,25.520000457763672,25.549999237060547,2100,0.0,0.0,0.0
2019-10-04 00:00:00-04:00,25.549999237060547,25.549999237060547,25.549999237060547,25.549999237060547,500,0.0,0.0,0.0
2019-10-07 00:00:00-04:00,25.530000686645508,25.530000686645508,25.530000686645508,25.530000686645508,100,0.0,0.0,0.0
2019-10-08 00:00:00-04:00,25.520000457763672,25.520000457763672,25.520000457763672,25.520000457763672,500,0.0,0.0,0.0
2019-10-09 00:00:00-04:00,25.549999237060547,25.649999618530273,25.549999237060547,25.639999389648438,76900,0.0,0.0,0.0
2019-10-10 00:00:00-04:00,25.639999389648438,25.639999389648438,25.639999389648438,25.639999389648438,100,0.0,0.0,0.0
2019-10-11 00:00:00-04:00,25.597000122070312,25.597000122070312,25.389999389648438,25.58799934387207,1400,0.0,0.0,0.0
2019-10-14 00:00:00-04:00,25.700000762939453,25.7810001373291,25.59000015258789,25.631999969482422,2600,0.0,0.0,0.0
2019-10-15 00:00:00-04:00,25.606000900268555,25.700000762939453,25.600000381469727,25.700000762939453,4500,0.0,0.0,0.0
2019-10-16 00:00:00-04:00,25.645999908447266,25.645999908447266,25.524999618530273,25.6299991607666,1800,0.0,0.0,0.0
2019-10-17 00:00:00-04:00,25.670000076293945,25.670000076293945,25.469999313354492,25.469999313354492,300,0.0,0.0,0.0
2019-10-18 00:00:00-04:00,25.496000289916992,25.496000289916992,25.496000289916992,25.496000289916992,300,0.0,0.0,0.0
2019-10-21 00:00:00-04:00,25.496000289916992,25.496000289916992,25.496000289916992,25.496000289916992,100,0.0,0.0,0.0
2019-10-22 00:00:00-04:00,25.549999237060547,25.799999237060547,25.549999237060547,25.799999237060547,44700,0.0,0.0,0.0
2019-10-23 00:00:00-04:00,25.698999404907227,25.698999404907227,25.698999404907227,25.698999404907227,600,0.0,0.0,0.0
2019-10-24 00:00:00-04:00,25.749000549316406,25.836000442504883,25.6299991607666,25.7450008392334,5300,0.0,0.0,0.0
2019-10-25 00:00:00-04:00,25.718000411987305,25.724000930786133,25.718000411987305,25.724000930786133,900,0.0,0.0,0.0
2019-10-28 00:00:00-04:00,25.56999969482422,25.56999969482422,25.56999969482422,25.56999969482422,200,0.0,0.0,0.0
2019-10-29 00:00:00-04:00,25.690000534057617,25.690000534057617,25.690000534057617,25.690000534057617,400,0.0,0.0,0.0
2019-10-30 00:00:00-04:00,25.75,25.760000228881836,25.75,25.75,1000,0.0,0.0,0.0
2019-10-31 00:00:00-04:00,25.75,25.75,25.75,25.75,0,0.0,0.0,0.0
2019-11-01 00:00:00-04:00,25.75,25.75,25.75,25.75,100,0.0,0.0,0.0
2019-11-04 00:00:00-05:00,25.68600082397461,25.760000228881836,25.6200008392334,25.672000885009766,3500,0.0,0.0,0.0
2019-11-05 00:00:00-05:00,25.72100067138672,25.899999618530273,25.71500015258789,25.864999771118164,2900,0.0,0.0,0.0
2019-11-06 00:00:00-05:00,25.700000762939453,25.700000762939453,25.700000762939453,25.700000762939453,200,0.0,0.0,0.0
2019-11-07 00:00:00-05:00,25.809999465942383,25.81999969482422,25.790000915527344,25.799999237060547,2100,0.0,0.0,0.0
2019-11-08 00:00:00-05:00,25.792999267578125,25.792999267578125,25.792999267578125,25.792999267578125,300,0.0,0.0,0.0
2019-11-11 00:00:00-05:00,25.792999267578125,25.792999267578125,25.792999267578125,25.792999267578125,0,0.0,0.0,0.0
2019-11-12 00:00:00-05:00,25.889999389648438,25.959999084472656,25.78499984741211,25.959999084472656,1400,0.0,0.0,0.0
2019-11-13 00:00:00-05:00,25.920000076293945,25.920000076293945,25.920000076293945,25.920000076293945,400,0.0,0.0,0.0
2019-11-14 00:00:00-05:00,25.8799991607666,25.895000457763672,25.8799991607666,25.895000457763672,1000,0.0,0.0,0.0
2019-11-15 00:00:00-05:00,25.709999084472656,25.709999084472656,25.709999084472656,25.709999084472656,200,0.0,0.0,0.0
2019-11-18 00:00:00-05:00,25.75,25.799999237060547,25.719999313354492,25.799999237060547,3800,0.0,0.0,0.0
2019-11-19 00:00:00-05:00,25.770000457763672,25.770000457763672,25.579999923706055,25.735000610351562,2100,0.0,0.0,0.0
2019-11-20 00:00:00-05:00,25.658000946044922,25.658000946044922,25.658000946044922,25.658000946044922,200,0.0,0.0,0.0
2019-11-21 00:00:00-05:00,26.0,26.0,26.0,26.0,1100,0.0,0.0,0.0
2019-11-22 00:00:00-05:00,25.920000076293945,25.93199920654297,25.700000762939453,25.75,3600,0.0,0.0,0.0
2019-11-25 00:00:00-05:00,25.75,25.75,25.75,25.75,100,0.0,0.0,0.0
2019-11-26 00:00:00-05:00,25.75,25.75,25.75,25.75,100,0.0,0.0,0.0
2019-11-27 00:00:00-05:00,25.75,25.79199981689453,25.731000900268555,25.75,1400,0.0,0.0,0.0
2019-11-29 00:00:00-05:00,25.75,25.75,25.75,25.75,0,0.0,0.0,0.0
2019-12-02 00:00:00-05:00,25.739999771118164,25.989999771118164,25.709999084472656,25.861000061035156,3600,0.0,0.0,0.0
2019-12-03 00:00:00-05:00,25.770000457763672,25.780000686645508,25.719999313354492,25.719999313354492,2800,0.0,0.0,0.0
2019-12-04 00:00:00-05:00,25.719999313354492,25.719999313354492,25.719999313354492,25.719999313354492,0,0.0,0.0,0.0
2019-12-05 00:00:00-05:00,25.95599937438965,25.95599937438965,25.95599937438965,25.95599937438965,500,0.0,0.0,0.0
2019-12-06 00:00:00-05:00,25.799999237060547,25.959999084472656,25.799999237060547,25.959999084472656,3900,0.0,0.0,0.0
2019-12-09 00:00:00-05:00,25.959999084472656,25.959999084472656,25.899999618530273,25.899999618530273,3400,0.0,0.0,0.0
2019-12-10 00:00:00-05:00,25.959999084472656,25.959999084472656,25.950000762939453,25.959999084472656,900,0.0,0.0,0.0
2019-12-11 00:00:00-05:00,25.729999542236328,25.8799991607666,25.549999237060547,25.700000762939453,12700,0.0,0.0,0.0
2019-12-12 00:00:00-05:00,25.795000076293945,25.8799991607666,25.56999969482422,25.8799991607666,1700,0.0,0.0,0.0
2019-12-13 00:00:00-05:00,25.530000686645508,25.55699920654297,25.25,25.55699920654297,2400,0.0,0.0,0.0
2019-12-16 00:00:00-05:00,25.649999618530273,25.649999618530273,25.40999984741211,25.40999984741211,2100,0.0,0.0,0.0
2019-12-17 00:00:00-05:00,25.552000045776367,25.6200008392334,25.53700065612793,25.6200008392334,2000,0.0,0.0,0.0
2019-12-18 00:00:00-05:00,25.600000381469727,25.690000534057617,25.527000427246094,25.64900016784668,2500,0.0,0.0,0.0
2019-12-19 00:00:00-05:00,25.700000762939453,25.799999237060547,25.399999618530273,25.65999984741211,7200,0.0,0.0,0.0
2019-12-20 00:00:00-05:00,25.552000045776367,25.649999618530273,25.541000366210938,25.649999618530273,1200,0.0,0.0,0.0
2019-12-23 00:00:00-05:00,25.530000686645508,25.62700080871582,25.530000686645508,25.530000686645508,6800,0.0,0.0,0.0
2019-12-24 00:00:00-05:00,25.520000457763672,25.648000717163086,25.5,25.5,4800,0.0,0.0,0.0
2019-12-26 00:00:00-05:00,25.5,25.538000106811523,25.5,25.507999420166016,1300,0.0,0.0,0.0
2019-12-27 00:00:00-05:00,25.565000534057617,25.628000259399414,25.5,25.545000076293945,4300,0.0,0.0,0.0
2019-12-30 00:00:00-05:00,25.594999313354492,25.65999984741211,25.542999267578125,25.542999267578125,6800,0.0,0.0,0.0
2019-12-31 00:00:00-05:00,25.58099937438965,25.618999481201172,25.516000747680664,25.54800033569336,2300,0.0,0.0,0.0
2020-01-02 00:00:00-05:00,25.52199935913086,25.573999404907227,25.52199935913086,25.573999404907227,500,0.0,0.0,0.0
2020-01-03 00:00:00-05:00,25.600000381469727,25.75,25.599000930786133,25.709999084472656,3200,0.0,0.0,0.0
2020-01-06 00:00:00-05:00,25.729999542236328,25.729999542236328,25.729999542236328,25.729999542236328,100,0.0,0.0,0.0
2020-01-07 00:00:00-05:00,25.729999542236328,25.729999542236328,25.729999542236328,25.729999542236328,0,0.0,0.0,0.0
2020-01-08 00:00:00-05:00,25.729999542236328,25.729999542236328,25.729999542236328,25.729999542236328,300,0.0,0.0,0.0
2020-01-09 00:00:00-05:00,25.75,25.75,25.75,25.75,1500,0.0,0.0,0.0
2020-01-10 00:00:00-05:00,25.75,25.75,25.75,25.75,0,0.0,0.0,0.0
2020-01-13 00:00:00-05:00,25.75,25.75,25.75,25.75,0,0.0,0.0,0.0
2020-01-14 00:00:00-05:00,25.628000259399414,25.75,25.549999237060547,25.649999618530273,15200,0.0,0.0,0.0
2020-01-15 00:00:00-05:00,25.549999237060547,25.615999221801758,25.549999237060547,25.579999923706055,700,0.0,0.0,0.0
2020-01-16 00:00:00-05:00,25.597000122070312,25.618999481201172,25.549999237060547,25.617000579833984,2600,0.0,0.0,0.0
2020-01-17 00:00:00-05:00,25.559999465942383,25.65999984741211,25.559999465942383,25.65999984741211,500,0.0,0.0,0.0
2020-01-21 00:00:00-05:00,25.639999389648438,25.74799919128418,25.639999389648438,25.700000762939453,2300,0.0,0.0,0.0
2020-01-22 00:00:00-05:00,25.649999618530273,25.690000534057617,25.610000610351562,25.645000457763672,2300,0.0,0.0,0.0
2020-01-23 00:00:00-05:00,25.649999618530273,25.709999084472656,25.579999923706055,25.690000534057617,2100,0.0,0.0,0.0
2020-01-24 00:00:00-05:00,25.700000762939453,25.75,25.59000015258789,25.75,1700,0.0,0.0,0.0
2020-01-27 00:00:00-05:00,25.687000274658203,25.749000549316406,25.600000381469727,25.719999313354492,3200,0.0,0.0,0.0
2020-01-28 00:00:00-05:00,25.586999893188477,25.68899917602539,25.586999893188477,25.684999465942383,2800,0.0,0.0,0.0
2020-01-29 00:00:00-05:00,25.614999771118164,25.690000534057617,25.614999771118164,25.68899917602539,1600,0.0,0.0,0.0
2020-01-30 00:00:00-05:00,25.642000198364258,25.729000091552734,25.600000381469727,25.729000091552734,1700,0.0,0.0,0.0
2020-01-31 00:00:00-05:00,25.687999725341797,25.75,25.639999389648438,25.75,2000,0.0,0.0,0.0
2020-02-03 00:00:00-05:00,25.639999389648438,25.749000549316406,25.639999389648438,25.68000030517578,900,0.0,0.0,0.0
2020-02-04 00:00:00-05:00,25.70800018310547,25.749000549316406,25.618000030517578,25.698999404907227,5400,0.0,0.0,0.0
2020-02-05 00:00:00-05:00,25.700000762939453,25.75,25.673999786376953,25.673999786376953,4300,0.0,0.0,0.0
2020-02-06 00:00:00-05:00,25.66699981689453,25.700000762939453,25.66699981689453,25.700000762939453,2200,0.0,0.0,0.0
2020-02-07 00:00:00-05:00,25.649999618530273,25.700000762939453,25.6299991607666,25.700000762939453,3900,0.0,0.0,0.0
2020-02-10 00:00:00-05:00,25.68899917602539,25.700000762939453,25.6299991607666,25.649999618530273,2700,0.0,0.0,0.0
2020-02-11 00:00:00-05:00,25.690000534057617,25.700000762939453,25.665000915527344,25.700000762939453,800,0.0,0.0,0.0
2020-02-12 00:00:00-05:00,25.670000076293945,25.700000762939453,25.6299991607666,25.700000762939453,7800,0.0,0.0,0.0
2020-02-13 00:00:00-05:00,25.6299991607666,25.700000762939453,25.549999237060547,25.666000366210938,10400,0.0,0.0,0.0
2020-02-14 00:00:00-05:00,25.639999389648438,25.700000762939453,25.639999389648438,25.684999465942383,2600,0.0,0.0,0.0
2020-02-18 00:00:00-05:00,25.684999465942383,25.684999465942383,25.684999465942383,25.684999465942383,0,0.0,0.0,0.0
2020-02-19 00:00:00-05:00,25.700000762939453,25.739999771118164,25.676000595092773,25.739999771118164,2200,0.0,0.0,0.0
2020-02-20 00:00:00-05:00,25.679000854492188,25.70599937438965,25.679000854492188,25.70599937438965,500,0.0,0.0,0.0
2020-02-21 00:00:00-05:00,25.690000534057617,25.690000534057617,25.559999465942383,25.600000381469727,3300,0.0,0.0,0.0
2020-02-24 00:00:00-05:00,25.600000381469727,25.6299991607666,25.600000381469727,25.600000381469727,3800,0.0,0.0,0.0
2020-02-25 00:00:00-05:00,25.565000534057617,25.591999053955078,25.420000076293945,25.464000701904297,6500,0.0,0.0,0.0
2020-02-26 00:00:00-05:00,25.5,25.649999618530273,25.469999313354492,25.649999618530273,800,0.0,0.0,0.0
2020-02-27 00:00:00-05:00,25.639999389648438,25.639999389648438,25.493000030517578,25.493000030517578,2400,0.0,0.0,0.0
2020-02-28 00:00:00-05:00,25.280000686645508,25.280000686645508,25.0,25.25,8400,0.0,0.0,0.0
2020-03-02 00:00:00-05:00,25.25,25.360000610351562,25.101999282836914,25.360000610351562,6200,0.0,0.0,0.0
2020-03-03 00:00:00-05:00,25.368000030517578,25.368000030517578,25.170000076293945,25.299999237060547,5700,0.0,0.0,0.0
2020-03-04 00:00:00-05:00,25.299999237060547,25.59000015258789,25.292999267578125,25.48900032043457,9500,0.0,0.0,0.0
2020-03-05 00:00:00-05:00,25.450000762939453,25.649999618530273,25.329999923706055,25.649999618530273,6700,0.0,0.0,0.0
2020-03-06 00:00:00-05:00,25.299999237060547,25.35700035095215,25.125,25.329999923706055,6400,0.0,0.0,0.0
2020-03-09 00:00:00-04:00,25.0,25.275999069213867,24.6200008392334,24.6200008392334,6700,0.0,0.0,0.0
2020-03-10 00:00:00-04:00,24.649999618530273,24.89900016784668,24.40999984741211,24.736000061035156,7200,0.0,0.0,0.0
2020-03-11 00:00:00-04:00,24.63599967956543,24.760000228881836,23.760000228881836,24.398000717163086,6900,0.0,0.0,0.0
2020-03-12 00:00:00-04:00,23.639999389648438,23.639999389648438,20.06599998474121,22.80299949645996,8300,0.0,0.0,0.0
2020-03-13 00:00:00-04:00,23.288000106811523,23.5,22.31999969482422,22.90999984741211,4600,0.0,0.0,0.0
2020-03-16 00:00:00-04:00,21.0,22.400999069213867,20.0,20.89299964904785,19700,0.0,0.0,0.0
2020-03-17 00:00:00-04:00,20.25,20.799999237060547,20.25,20.790000915527344,4000,0.0,0.0,0.0
2020-03-18 00:00:00-04:00,19.030000686645508,19.100000381469727,13.479999542236328,15.085000038146973,62100,0.0,0.0,0.0
2020-03-19 00:00:00-04:00,15.710000038146973,22.0,15.607999801635742,21.0,6800,0.0,0.0,0.0
2020-03-20 00:00:00-04:00,21.0,21.0,19.43400001525879,20.0,4100,0.0,0.0,0.0
2020-03-23 00:00:00-04:00,19.475000381469727,19.540000915527344,17.600000381469727,19.0,28300,0.0,0.0,0.0
2020-03-24 00:00:00-04:00,19.841999053955078,20.082000732421875,19.649999618530273,20.079999923706055,72500,0.0,0.0,0.0
2020-03-25 00:00:00-04:00,20.0,21.0,19.760000228881836,20.5,18300,0.0,0.0,0.0
2020-03-26 00:00:00-04:00,21.558000564575195,22.760000228881836,21.558000564575195,22.700000762939453,2600,0.0,0.0,0.0
2020-03-27 00:00:00-04:00,21.0,21.054000854492188,20.687000274658203,20.687000274658203,600,0.0,0.0,0.0
2020-03-30 00:00:00-04:00,21.0,22.145000457763672,20.858999252319336,20.858999252319336,1400,0.0,0.0,0.0
2020-03-31 00:00:00-04:00,19.670000076293945,21.25,19.510000228881836,20.75,5200,0.0,0.0,0.0
2020-04-01 00:00:00-04:00,20.0,20.739999771118164,19.902000427246094,20.729999542236328,2700,0.0,0.0,0.0
2020-04-02 00:00:00-04:00,19.75,20.729999542236328,19.75,20.729999542236328,1700,0.0,0.0,0.0
2020-04-03 00:00:00-04:00,20.329999923706055,20.40999984741211,20.0,20.291000366210938,1700,0.0,0.0,0.0
2020-04-06 00:00:00-04:00,19.81999969482422,20.549999237060547,19.709999084472656,20.43000030517578,2100,0.0,0.0,0.0
2020-04-07 00:00:00-04:00,20.549999237060547,21.010000228881836,20.440000534057617,20.75,3200,0.0,0.0,0.0
2020-04-08 00:00:00-04:00,21.465999603271484,21.739999771118164,21.465999603271484,21.739999771118164,400,0.0,0.0,0.0
2020-04-09 00:00:00-04:00,21.739999771118164,22.690000534057617,21.739999771118164,22.040000915527344,7400,0.0,0.0,0.0
2020-04-13 00:00:00-04:00,21.739999771118164,21.739999771118164,20.768999099731445,20.90999984741211,3100,0.0,0.0,0.0
2020-04-14 00:00:00-04:00,21.25,21.530000686645508,21.25,21.530000686645508,2000,0.0,0.0,0.0
2020-04-15 00:00:00-04:00,21.729000091552734,21.729999542236328,20.75,20.950000762939453,1200,0.0,0.0,0.0
2020-04-16 00:00:00-04:00,21.40999984741211,21.40999984741211,21.399999618530273,21.399999618530273,200,0.0,0.0,0.0
2020-04-17 00:00:00-04:00,21.420000076293945,22.040000915527344,21.420000076293945,21.8799991607666,7400,0.0,0.0,0.0
2020-04-20 00:00:00-04:00,21.694000244140625,22.160999298095703,21.694000244140625,21.87299919128418,2200,0.0,0.0,0.0
2020-04-21 00:00:00-04:00,21.110000610351562,21.777000427246094,21.110000610351562,21.110000610351562,1100,0.0,0.0,0.0
2020-04-22 00:00:00-04:00,21.297000885009766,21.297000885009766,21.200000762939453,21.200000762939453,200,0.0,0.0,0.0
2020-04-23 00:00:00-04:00,21.200000762939453,21.200000762939453,21.200000762939453,21.200000762939453,0,0.0,0.0,0.0
2020-04-24 00:00:00-04:00,21.200000762939453,21.690000534057617,21.200000762939453,21.5,1200,0.0,0.0,0.0
2020-04-27 00:00:00-04:00,21.309999465942383,21.5,21.299999237060547,21.5,6700,0.0,0.0,0.0
2020-04-28 00:00:00-04:00,22.0,22.0,21.899999618530273,21.899999618530273,600,0.0,0.0,0.0
2020-04-29 00:00:00-04:00,21.700000762939453,21.799999237060547,21.700000762939453,21.799999237060547,4000,0.0,0.0,0.0
2020-04-30 00:00:00-04:00,22.049999237060547,22.049999237060547,21.850000381469727,21.850000381469727,1200,0.0,0.0,0.0
2020-05-01 00:00:00-04:00,21.850000381469727,21.905000686645508,21.5,21.5,1800,0.0,0.0,0.0
2020-05-04 00:00:00-04:00,21.5,22.05500030517578,21.5,22.05500030517578,22100,0.0,0.0,0.0
2020-05-05 00:00:00-04:00,22.28700065612793,22.429000854492188,22.28700065612793,22.299999237060547,1300,0.0,0.0,0.0
2020-05-06 00:00:00-04:00,21.93400001525879,22.5,21.93400001525879,22.4950008392334,2400,0.0,0.0,0.0
2020-05-07 00:00:00-04:00,21.93000030517578,22.325000762939453,21.93000030517578,22.25,2600,0.0,0.0,0.0
2020-05-08 00:00:00-04:00,22.25,22.625,22.25,22.625,1300,0.0,0.0,0.0
2020-05-11 00:00:00-04:00,23.350000381469727,23.451000213623047,22.575000762939453,22.75,4700,0.0,0.0,0.0
2020-05-12 00:00:00-04:00,22.75,23.0,22.6299991607666,23.0,3400,0.0,0.0,0.0
2020-05-13 00:00:00-04:00,23.198999404907227,23.198999404907227,22.5,22.5049991607666,4100,0.0,0.0,0.0
2020-05-14 00:00:00-04:00,22.5,22.5,22.25,22.25,3000,0.0,0.0,0.0
2020-05-15 00:00:00-04:00,21.93000030517578,21.93000030517578,21.75,21.75,1100,0.0,0.0,0.0
2020-05-18 00:00:00-04:00,21.899999618530273,22.690000534057617,21.899999618530273,22.049999237060547,19700,0.0,0.0,0.0
2020-05-19 00:00:00-04:00,21.93000030517578,22.53499984741211,21.86199951171875,22.31999969482422,3900,0.0,0.0,0.0
2020-05-20 00:00:00-04:00,22.115999221801758,22.25,22.115999221801758,22.25,1700,0.0,0.0,0.0
2020-05-21 00:00:00-04:00,22.5,22.739999771118164,22.469999313354492,22.5,18400,0.0,0.0,0.0
2020-05-22 00:00:00-04:00,22.56999969482422,22.950000762939453,22.549999237060547,22.75,3600,0.0,0.0,0.0
2020-05-26 00:00:00-04:00,23.350000381469727,24.457000732421875,23.167999267578125,23.6200008392334,11700,0.0,0.0,0.0
2020-05-27 00:00:00-04:00,23.5,24.3700008392334,23.43000030517578,23.8799991607666,4300,0.0,0.0,0.0
2020-05-28 00:00:00-04:00,23.440000534057617,23.899999618530273,23.440000534057617,23.631000518798828,1100,0.0,0.0,0.0
2020-05-29 00:00:00-04:00,23.309999465942383,23.93000030517578,23.309999465942383,23.399999618530273,2700,0.0,0.0,0.0
2020-06-01 00:00:00-04:00,23.40999984741211,24.0,23.40999984741211,24.0,3800,0.0,0.0,0.0
2020-06-02 00:00:00-04:00,24.200000762939453,24.299999237060547,24.0,24.246000289916992,18400,0.0,0.0,0.0
2020-06-03 00:00:00-04:00,24.420000076293945,24.709999084472656,24.350000381469727,24.6299991607666,9800,0.0,0.0,0.0
2020-06-04 00:00:00-04:00,24.600000381469727,24.60099983215332,24.34000015258789,24.5,4300,0.0,0.0,0.0
2020-06-05 00:00:00-04:00,24.739999771118164,24.75,24.299999237060547,24.520000457763672,30200,0.0,0.0,0.0
2020-06-08 00:00:00-04:00,24.600000381469727,24.700000762939453,24.31999969482422,24.31999969482422,8200,0.0,0.0,0.0
2020-06-09 00:00:00-04:00,24.5,24.700000762939453,24.399999618530273,24.575000762939453,10000,0.0,0.0,0.0
2020-06-10 00:00:00-04:00,24.459999084472656,24.649999618530273,24.295000076293945,24.649999618530273,10600,0.0,0.0,0.0
2020-06-11 00:00:00-04:00,24.25,24.304000854492188,24.100000381469727,24.100000381469727,6300,0.0,0.0,0.0
2020-06-12 00:00:00-04:00,24.139999389648438,24.238000869750977,23.5,23.559999465942383,7700,0.0,0.0,0.0
2020-06-15 00:00:00-04:00,23.5,23.5,23.239999771118164,23.329999923706055,6100,0.0,0.0,0.0
2020-06-16 00:00:00-04:00,23.520000457763672,23.649999618530273,23.219999313354492,23.459999084472656,2000,0.0,0.0,0.0
2020-06-17 00:00:00-04:00,23.469999313354492,23.610000610351562,23.469999313354492,23.524999618530273,900,0.0,0.0,0.0
2020-06-18 00:00:00-04:00,23.6200008392334,23.940000534057617,23.43000030517578,23.56800079345703,2900,0.0,0.0,0.0
2020-06-19 00:00:00-04:00,23.38800048828125,23.600000381469727,23.06999969482422,23.600000381469727,2600,0.0,0.0,0.0
2020-06-22 00:00:00-04:00,23.600000381469727,23.600000381469727,23.37700080871582,23.59000015258789,4300,0.0,0.0,0.0
2020-06-23 00:00:00-04:00,23.600000381469727,23.799999237060547,23.510000228881836,23.799999237060547,4000,0.0,0.0,0.0
2020-06-24 00:00:00-04:00,23.549999237060547,23.549999237060547,23.235000610351562,23.549999237060547,2500,0.0,0.0,0.0
2020-06-25 00:00:00-04:00,23.46299934387207,23.90999984741211,23.46299934387207,23.90999984741211,2900,0.0,0.0,0.0
2020-06-26 00:00:00-04:00,23.90999984741211,23.90999984741211,23.90999984741211,23.90999984741211,0,0.0,0.0,0.0
2020-06-29 00:00:00-04:00,23.600000381469727,23.732999801635742,23.459999084472656,23.459999084472656,2300,0.0,0.0,0.0
2020-06-30 00:00:00-04:00,23.450000762939453,23.520000457763672,23.43000030517578,23.5,1900,0.0,0.0,0.0
2020-07-01 00:00:00-04:00,23.329999923706055,23.579999923706055,23.299999237060547,23.299999237060547,2900,0.0,0.0,0.0
2020-07-02 00:00:00-04:00,23.31999969482422,23.31999969482422,23.0,23.040000915527344,4400,0.0,0.0,0.0
2020-07-06 00:00:00-04:00,23.110000610351562,23.309999465942383,23.110000610351562,23.25,4900,0.0,0.0,0.0
2020-07-07 00:00:00-04:00,23.211000442504883,23.325000762939453,23.125,23.25,15100,0.0,0.0,0.0
2020-07-08 00:00:00-04:00,23.25,23.790000915527344,23.25,23.476999282836914,8000,0.0,0.0,0.0
2020-07-09 00:00:00-04:00,23.594999313354492,23.594999313354492,23.450000762939453,23.542999267578125,2300,0.0,0.0,0.0
2020-07-10 00:00:00-04:00,23.450000762939453,23.47599983215332,23.450000762939453,23.47599983215332,500,0.0,0.0,0.0
2020-07-13 00:00:00-04:00,23.459999084472656,23.466999053955078,23.30500030517578,23.350000381469727,2500,0.0,0.0,0.0
2020-07-14 00:00:00-04:00,23.399999618530273,23.399999618530273,23.299999237060547,23.299999237060547,11700,0.0,0.0,0.0
2020-07-15 00:00:00-04:00,23.34000015258789,23.437999725341797,23.299999237060547,23.437999725341797,2700,0.0,0.0,0.0
2020-07-16 00:00:00-04:00,23.43000030517578,23.43000030517578,23.232999801635742,23.329999923706055,8300,0.0,0.0,0.0
2020-07-17 00:00:00-04:00,23.440000534057617,23.440000534057617,23.329999923706055,23.329999923706055,2500,0.0,0.0,0.0
2020-07-20 00:00:00-04:00,23.440000534057617,23.600000381469727,23.415000915527344,23.548999786376953,4100,0.0,0.0,0.0
2020-07-21 00:00:00-04:00,23.66900062561035,23.68000030517578,23.510000228881836,23.540000915527344,2700,0.0,0.0,0.0
2020-07-22 00:00:00-04:00,23.540000915527344,23.670000076293945,23.299999237060547,23.5,9000,0.0,0.0,0.0
2020-07-23 00:00:00-04:00,23.600000381469727,23.770000457763672,23.479999542236328,23.479999542236328,3200,0.0,0.0,0.0
2020-07-24 00:00:00-04:00,23.469999313354492,23.62299919128418,23.3700008392334,23.540000915527344,1800,0.0,0.0,0.0
2020-07-27 00:00:00-04:00,23.56999969482422,23.600000381469727,23.530000686645508,23.530000686645508,2200,0.0,0.0,0.0
2020-07-28 00:00:00-04:00,23.649999618530273,23.665000915527344,23.520000457763672,23.559999465942383,5900,0.0,0.0,0.0
2020-07-29 00:00:00-04:00,23.579999923706055,23.579999923706055,23.5,23.5,700,0.0,0.0,0.0
2020-07-30 00:00:00-04:00,23.920000076293945,23.920000076293945,23.649999618530273,23.725000381469727,1600,0.0,0.0,0.0
2020-07-31 00:00:00-04:00,23.799999237060547,23.812999725341797,23.440000534057617,23.485000610351562,5700,0.0,0.0,0.0
2020-08-03 00:00:00-04:00,23.540000915527344,23.649999618530273,23.540000915527344,23.610000610351562,1100,0.0,0.0,0.0
2020-08-04 00:00:00-04:00,23.621000289916992,23.649999618530273,23.621000289916992,23.649999618530273,700,0.0,0.0,0.0
2020-08-05 00:00:00-04:00,23.700000762939453,23.704999923706055,23.649999618530273,23.704999923706055,2000,0.0,0.0,0.0
2020-08-06 00:00:00-04:00,23.729000091552734,23.729000091552734,23.610000610351562,23.700000762939453,2500,0.0,0.0,0.0
2020-08-07 00:00:00-04:00,23.780000686645508,23.7810001373291,23.709999084472656,23.7810001373291,1700,0.0,0.0,0.0
2020-08-10 00:00:00-04:00,23.790000915527344,23.93000030517578,23.790000915527344,23.920000076293945,5300,0.0,0.0,0.0
2020-08-11 00:00:00-04:00,23.93000030517578,24.0,23.91900062561035,23.950000762939453,5700,0.0,0.0,0.0
2020-08-12 00:00:00-04:00,23.966999053955078,24.0,23.96500015258789,24.0,3900,0.0,0.0,0.0
2020-08-13 00:00:00-04:00,24.0,24.3799991607666,24.0,24.25,5200,0.0,0.0,0.0
2020-08-14 00:00:00-04:00,24.3799991607666,24.399999618530273,24.25,24.389999389648438,5300,0.0,0.0,0.0
2020-08-17 00:00:00-04:00,24.3700008392334,24.389999389648438,24.141000747680664,24.25,2300,0.0,0.0,0.0
2020-08-18 00:00:00-04:00,24.389999389648438,24.389999389648438,24.239999771118164,24.239999771118164,4400,0.0,0.0,0.0
2020-08-19 00:00:00-04:00,24.389999389648438,24.399999618530273,24.113000869750977,24.399999618530273,1700,0.0,0.0,0.0
2020-08-20 00:00:00-04:00,24.3700008392334,24.3700008392334,24.25,24.25,600,0.0,0.0,0.0
2020-08-21 00:00:00-04:00,24.281999588012695,24.579999923706055,24.281999588012695,24.475000381469727,3800,0.0,0.0,0.0
2020-08-24 00:00:00-04:00,24.579999923706055,24.889999389648438,24.579999923706055,24.610000610351562,5200,0.0,0.0,0.0
2020-08-25 00:00:00-04:00,24.940000534057617,24.940000534057617,24.700000762939453,24.700000762939453,2000,0.0,0.0,0.0
2020-08-26 00:00:00-04:00,24.8799991607666,24.8799991607666,24.600000381469727,24.600000381469727,5900,0.0,0.0,0.0
2020-08-27 00:00:00-04:00,24.940000534057617,24.940000534057617,24.75,24.75,1400,0.0,0.0,0.0
2020-08-28 00:00:00-04:00,24.899999618530273,24.899999618530273,24.899999618530273,24.899999618530273,300,0.0,0.0,0.0
2020-08-31 00:00:00-04:00,24.899999618530273,24.91699981689453,24.600000381469727,24.6299991607666,5700,0.0,0.0,0.0
2020-09-01 00:00:00-04:00,24.770000457763672,24.899999618530273,24.700000762939453,24.841999053955078,3700,0.0,0.0,0.0
2020-09-02 00:00:00-04:00,24.899999618530273,24.899999618530273,24.642000198364258,24.799999237060547,900,0.0,0.0,0.0
2020-09-03 00:00:00-04:00,24.799999237060547,24.799999237060547,24.6200008392334,24.65999984741211,3300,0.0,0.0,0.0
2020-09-04 00:00:00-04:00,24.700000762939453,24.700000762939453,24.280000686645508,24.59000015258789,2800,0.0,0.0,0.0
2020-09-08 00:00:00-04:00,24.59000015258789,24.600000381469727,24.572999954223633,24.579999923706055,2900,0.0,0.0,0.0
2020-09-09 00:00:00-04:00,24.600000381469727,24.700000762939453,24.56999969482422,24.632999420166016,3000,0.0,0.0,0.0
2020-09-10 00:00:00-04:00,24.700000762939453,24.940000534057617,24.600000381469727,24.940000534057617,2100,0.0,0.0,0.0
2020-09-11 00:00:00-04:00,24.93000030517578,24.93000030517578,24.649999618530273,24.8799991607666,3700,0.0,0.0,0.0
2020-09-14 00:00:00-04:00,24.652000427246094,24.65999984741211,24.600000381469727,24.600000381469727,1800,0.0,0.0,0.0
2020-09-15 00:00:00-04:00,24.5,24.790000915527344,24.5,24.72800064086914,1300,0.0,0.0,0.0
2020-09-16 00:00:00-04:00,24.850000381469727,24.8799991607666,24.610000610351562,24.7450008392334,1900,0.0,0.0,0.0
2020-09-17 00:00:00-04:00,24.700000762939453,24.799999237060547,24.530000686645508,24.635000228881836,1900,0.0,0.0,0.0
2020-09-18 00:00:00-04:00,24.540000915527344,24.68000030517578,24.540000915527344,24.68000030517578,2400,0.0,0.0,0.0
2020-09-21 00:00:00-04:00,24.65999984741211,24.8799991607666,24.547000885009766,24.589000701904297,2700,0.0,0.0,0.0
2020-09-22 00:00:00-04:00,24.792999267578125,24.799999237060547,24.579999923706055,24.799999237060547,1500,0.0,0.0,0.0
2020-09-23 00:00:00-04:00,24.624000549316406,24.68000030517578,24.540000915527344,24.68000030517578,2400,0.0,0.0,0.0
2020-09-24 00:00:00-04:00,24.520000457763672,24.93000030517578,24.520000457763672,24.700000762939453,5300,0.0,0.0,0.0
2020-09-25 00:00:00-04:00,24.71500015258789,24.940000534057617,24.71500015258789,24.940000534057617,1200,0.0,0.0,0.0
2020-09-28 00:00:00-04:00,24.969999313354492,24.969999313354492,24.90999984741211,24.90999984741211,900,0.0,0.0,0.0
2020-09-29 00:00:00-04:00,24.950000762939453,25.0,24.6299991607666,24.6299991607666,2000,0.0,0.0,0.0
2020-09-30 00:00:00-04:00,24.812999725341797,24.812999725341797,24.68000030517578,24.68000030517578,1300,0.0,0.0,0.0
2020-10-01 00:00:00-04:00,24.757999420166016,24.89900016784668,24.579999923706055,24.579999923706055,2300,0.0,0.0,0.0
2020-10-02 00:00:00-04:00,24.97599983215332,24.97599983215332,24.579999923706055,24.6200008392334,900,0.0,0.0,0.0
2020-10-05 00:00:00-04:00,24.729999542236328,24.760000228881836,24.700000762939453,24.732999801635742,900,0.0,0.0,0.0
2020-10-06 00:00:00-04:00,24.719999313354492,24.770000457763672,24.719999313354492,24.75,1900,0.0,0.0,0.0
2020-10-07 00:00:00-04:00,24.75,24.75,24.75,24.75,200,0.0,0.0,0.0
2020-10-08 00:00:00-04:00,24.780000686645508,24.850000381469727,24.75,24.75,1200,0.0,0.0,0.0
2020-10-09 00:00:00-04:00,24.850000381469727,24.899999618530273,24.700000762939453,24.700000762939453,2400,0.0,0.0,0.0
2020-10-12 00:00:00-04:00,24.860000610351562,24.868000030517578,24.860000610351562,24.868000030517578,1200,0.0,0.0,0.0
2020-10-13 00:00:00-04:00,24.829999923706055,24.829999923706055,24.700000762939453,24.700000762939453,2000,0.0,0.0,0.0
2020-10-14 00:00:00-04:00,24.780000686645508,24.780000686645508,24.68000030517578,24.75,1500,0.0,0.0,0.0
2020-10-15 00:00:00-04:00,24.75,24.75,24.75,24.75,400,0.0,0.0,0.0
2020-10-16 00:00:00-04:00,24.82699966430664,24.844999313354492,24.788000106811523,24.829999923706055,900,0.0,0.0,0.0
2020-10-19 00:00:00-04:00,24.899999618530273,24.899999618530273,24.709999084472656,24.709999084472656,1200,0.0,0.0,0.0
2020-10-20 00:00:00-04:00,24.739999771118164,24.799999237060547,24.739999771118164,24.799999237060547,600,0.0,0.0,0.0
2020-10-21 00:00:00-04:00,24.81999969482422,24.834999084472656,24.739999771118164,24.739999771118164,1400,0.0,0.0,0.0
2020-10-22 00:00:00-04:00,24.739999771118164,24.739999771118164,24.68000030517578,24.68000030517578,2300,0.0,0.0,0.0
2020-10-23 00:00:00-04:00,24.68000030517578,24.68000030517578,24.610000610351562,24.659000396728516,1000,0.0,0.0,0.0
2020-10-26 00:00:00-04:00,24.579999923706055,24.579999923706055,24.5,24.510000228881836,3100,0.0,0.0,0.0
2020-10-27 00:00:00-04:00,24.510000228881836,24.510000228881836,24.510000228881836,24.510000228881836,0,0.0,0.0,0.0
2020-10-28 00:00:00-04:00,24.540000915527344,24.56100082397461,24.389999389648438,24.389999389648438,2300,0.0,0.0,0.0
2020-10-29 00:00:00-04:00,24.670000076293945,24.670000076293945,24.670000076293945,24.670000076293945,100,0.0,0.0,0.0
2020-10-30 00:00:00-04:00,24.729999542236328,24.75,24.700000762939453,24.75,2800,0.0,0.0,0.0
2020-11-02 00:00:00-05:00,24.809999465942383,24.809999465942383,24.510000228881836,24.600000381469727,2300,0.0,0.0,0.0
2020-11-03 00:00:00-05:00,24.510000228881836,24.520000457763672,24.510000228881836,24.520000457763672,500,0.0,0.0,0.0
2020-11-04 00:00:00-05:00,24.5,24.700000762939453,24.5,24.510000228881836,1500,0.0,0.0,0.0
2020-11-05 00:00:00-05:00,24.549999237060547,24.639999389648438,24.549999237060547,24.639999389648438,1400,0.0,0.0,0.0
2020-11-06 00:00:00-05:00,24.559999465942383,24.639999389648438,24.549999237060547,24.639999389648438,700,0.0,0.0,0.0
2020-11-09 00:00:00-05:00,24.73900032043457,24.920000076293945,24.579999923706055,24.920000076293945,2500,0.0,0.0,0.0
2020-11-10 00:00:00-05:00,24.90999984741211,24.90999984741211,24.90999984741211,24.90999984741211,200,0.0,0.0,0.0
2020-11-11 00:00:00-05:00,24.979999542236328,24.979999542236328,24.959999084472656,24.959999084472656,600,0.0,0.0,0.0
2020-11-12 00:00:00-05:00,24.93000030517578,24.96500015258789,24.90999984741211,24.90999984741211,1800,0.0,0.0,0.0
2020-11-13 00:00:00-05:00,24.90999984741211,24.90999984741211,24.90999984741211,24.90999984741211,0,0.0,0.0,0.0
2020-11-16 00:00:00-05:00,24.850000381469727,24.950000762939453,24.850000381469727,24.895999908447266,3700,0.0,0.0,0.0
2020-11-17 00:00:00-05:00,24.947999954223633,25.0,24.863000869750977,24.93000030517578,7200,0.0,0.0,0.0
2020-11-18 00:00:00-05:00,24.985000610351562,25.0,24.899999618530273,24.954999923706055,1700,0.0,0.0,0.0
2020-11-19 00:00:00-05:00,24.950000762939453,25.0,24.950000762939453,25.0,200,0.0,0.0,0.0
2020-11-20 00:00:00-05:00,24.959999084472656,24.959999084472656,24.959999084472656,24.959999084472656,300,0.0,0.0,0.0
2020-11-23 00:00:00-05:00,25.0,25.09000015258789,25.0,25.06999969482422,9800,0.0,0.0,0.0
2020-11-24 00:00:00-05:00,25.06999969482422,25.06999969482422,25.0,25.040000915527344,3100,0.0,0.0,0.0
2020-11-25 00:00:00-05:00,25.020000457763672,25.020000457763672,25.0,25.020000457763672,2000,0.0,0.0,0.0
2020-11-27 00:00:00-05:00,24.989999771118164,24.989999771118164,24.979999542236328,24.979999542236328,300,0.0,0.0,0.0
2020-11-30 00:00:00-05:00,25.0,25.040000915527344,24.770000457763672,24.89900016784668,2700,0.0,0.0,0.0
2020-12-01 00:00:00-05:00,24.937000274658203,25.0,24.881999969482422,24.94300079345703,4300,0.0,0.0,0.0
2020-12-02 00:00:00-05:00,24.950000762939453,25.200000762939453,24.950000762939453,24.950000762939453,3700,0.0,0.0,0.0
2020-12-03 00:00:00-05:00,25.020000457763672,25.145000457763672,24.950000762939453,25.0,3700,0.0,0.0,0.0
2020-12-04 00:00:00-05:00,24.97800064086914,25.08799934387207,24.90999984741211,25.079999923706055,7400,0.0,0.0,0.0
2020-12-07 00:00:00-05:00,25.5,25.5,25.170000076293945,25.299999237060547,6700,0.0,0.0,0.0
2020-12-08 00:00:00-05:00,25.260000228881836,25.260000228881836,25.200000762939453,25.200000762939453,4500,0.0,0.0,0.0
2020-12-09 00:00:00-05:00,25.341999053955078,25.489999771118164,25.219999313354492,25.239999771118164,2500,0.0,0.0,0.0
2020-12-10 00:00:00-05:00,25.239999771118164,25.239999771118164,25.110000610351562,25.145000457763672,3200,0.0,0.0,0.0
2020-12-11 00:00:00-05:00,25.31999969482422,25.31999969482422,25.1299991607666,25.280000686645508,4300,0.0,0.0,0.0
2020-12-14 00:00:00-05:00,24.979999542236328,25.049999237060547,24.799999237060547,25.020000457763672,5500,0.0,0.0,0.0
2020-12-15 00:00:00-05:00,25.040000915527344,25.100000381469727,24.961999893188477,25.06999969482422,4100,0.0,0.0,0.0
2020-12-16 00:00:00-05:00,25.030000686645508,25.12700080871582,25.0,25.020000457763672,1200,0.0,0.0,0.0
2020-12-17 00:00:00-05:00,25.075000762939453,25.075000762939453,25.0,25.003000259399414,1600,0.0,0.0,0.0
2020-12-18 00:00:00-05:00,25.020000457763672,25.020000457763672,24.959999084472656,24.959999084472656,1600,0.0,0.0,0.0
2020-12-21 00:00:00-05:00,25.079999923706055,25.079999923706055,24.899999618530273,25.0,3500,0.0,0.0,0.0
2020-12-22 00:00:00-05:00,25.049999237060547,25.18000030517578,25.030000686645508,25.170000076293945,1600,0.0,0.0,0.0
2020-12-23 00:00:00-05:00,25.020000457763672,25.135000228881836,25.020000457763672,25.135000228881836,300,0.0,0.0,0.0
2020-12-24 00:00:00-05:00,25.010000228881836,25.12299919128418,25.007999420166016,25.007999420166016,1700,0.0,0.0,0.0
2020-12-28 00:00:00-05:00,25.139999389648438,25.299999237060547,25.1200008392334,25.299999237060547,1600,0.0,0.0,0.0
2020-12-29 00:00:00-05:00,25.054000854492188,25.20199966430664,25.054000854492188,25.20199966430664,500,0.0,0.0,0.0
2020-12-30 00:00:00-05:00,25.06999969482422,25.215999603271484,25.06999969482422,25.079999923706055,4000,0.0,0.0,0.0
2020-12-31 00:00:00-05:00,25.09000015258789,25.149999618530273,25.010000228881836,25.139999389648438,1400,0.0,0.0,0.0
2021-01-04 00:00:00-05:00,25.100000381469727,25.274999618530273,25.0,25.1200008392334,4700,0.0,0.0,0.0
2021-01-05 00:00:00-05:00,25.229999542236328,25.23900032043457,25.049999237060547,25.149999618530273,800,0.0,0.0,0.0
2021-01-06 00:00:00-05:00,25.020000457763672,25.209999084472656,25.020000457763672,25.18000030517578,2000,0.0,0.0,0.0
2021-01-07 00:00:00-05:00,25.18000030517578,25.489999771118164,25.172000885009766,25.489999771118164,500,0.0,0.0,0.0
2021-01-08 00:00:00-05:00,25.299999237060547,25.299999237060547,25.200000762939453,25.299999237060547,2500,0.0,0.0,0.0
2021-01-11 00:00:00-05:00,25.378000259399414,25.378000259399414,25.299999237060547,25.325000762939453,700,0.0,0.0,0.0
2021-01-12 00:00:00-05:00,25.09000015258789,25.149999618530273,25.09000015258789,25.09000015258789,1000,0.0,0.0,0.0
2021-01-13 00:00:00-05:00,25.100000381469727,25.200000762939453,25.100000381469727,25.198999404907227,600,0.0,0.0,0.0
2021-01-14 00:00:00-05:00,25.20599937438965,25.260000228881836,25.17799949645996,25.183000564575195,3400,0.0,0.0,0.0
2021-01-15 00:00:00-05:00,25.219999313354492,25.219999313354492,25.020000457763672,25.020000457763672,600,0.0,0.0,0.0
2021-01-19 00:00:00-05:00,25.049999237060547,25.06999969482422,25.049999237060547,25.06999969482422,700,0.0,0.0,0.0
2021-01-20 00:00:00-05:00,25.06999969482422,25.149999618530273,25.06999969482422,25.149999618530273,4400,0.0,0.0,0.0
2021-01-21 00:00:00-05:00,25.100000381469727,25.325000762939453,25.100000381469727,25.15999984741211,3500,0.0,0.0,0.0
2021-01-22 00:00:00-05:00,25.149999618530273,25.2450008392334,25.149999618530273,25.229999542236328,2000,0.0,0.0,0.0
2021-01-25 00:00:00-05:00,25.229999542236328,25.249000549316406,25.100000381469727,25.229999542236328,1700,0.0,0.0,0.0
2021-01-26 00:00:00-05:00,25.270000457763672,25.299999237060547,25.270000457763672,25.299999237060547,300,0.0,0.0,0.0
2021-01-27 00:00:00-05:00,25.18000030517578,25.184999465942383,25.15999984741211,25.15999984741211,1400,0.0,0.0,0.0
2021-01-28 00:00:00-05:00,25.18000030517578,25.239999771118164,25.18000030517578,25.18000030517578,800,0.0,0.0,0.0
2021-01-29 00:00:00-05:00,25.174999237060547,25.174999237060547,25.100000381469727,25.1299991607666,1100,0.0,0.0,0.0
2021-02-01 00:00:00-05:00,25.06999969482422,25.25,25.06999969482422,25.139999389648438,2800,0.0,0.0,0.0
2021-02-02 00:00:00-05:00,25.149999618530273,25.200000762939453,25.09000015258789,25.200000762939453,3100,0.0,0.0,0.0
2021-02-03 00:00:00-05:00,25.190000534057617,25.25,25.190000534057617,25.22800064086914,1800,0.0,0.0,0.0
2021-02-04 00:00:00-05:00,25.165000915527344,25.229999542236328,25.15999984741211,25.198999404907227,700,0.0,0.0,0.0
2021-02-05 00:00:00-05:00,25.198999404907227,25.198999404907227,25.198999404907227,25.198999404907227,0,0.0,0.0,0.0
2021-02-08 00:00:00-05:00,25.200000762939453,25.450000762939453,25.190000534057617,25.32900047302246,1700,0.0,0.0,0.0
2021-02-09 00:00:00-05:00,25.200000762939453,25.200000762939453,25.100000381469727,25.100000381469727,5200,0.0,0.0,0.0
2021-02-10 00:00:00-05:00,25.260000228881836,25.31999969482422,25.110000610351562,25.31999969482422,1900,0.0,0.0,0.0
2021-02-11 00:00:00-05:00,25.31999969482422,25.31999969482422,25.31999969482422,25.31999969482422,0,0.0,0.0,0.0
2021-02-12 00:00:00-05:00,25.290000915527344,25.290000915527344,25.25,25.280000686645508,400,0.0,0.0,0.0
2021-02-16 00:00:00-05:00,25.200000762939453,25.260000228881836,25.200000762939453,25.260000228881836,1600,0.0,0.0,0.0
2021-02-17 00:00:00-05:00,25.31999969482422,25.399999618530273,25.309999465942383,25.34600067138672,1300,0.0,0.0,0.0
2021-02-18 00:00:00-05:00,25.40999984741211,25.59000015258789,25.40999984741211,25.5,2600,0.0,0.0,0.0
2021-02-19 00:00:00-05:00,25.5,25.5,25.402000427246094,25.402000427246094,1300,0.0,0.0,0.0
2021-02-22 00:00:00-05:00,25.402000427246094,25.402000427246094,25.402000427246094,25.402000427246094,0,0.0,0.0,0.0
2021-02-23 00:00:00-05:00,25.344999313354492,25.344999313354492,25.200000762939453,25.264999389648438,4300,0.0,0.0,0.0
2021-02-24 00:00:00-05:00,25.299999237060547,25.31999969482422,25.299999237060547,25.31999969482422,1200,0.0,0.0,0.0
2021-02-25 00:00:00-05:00,25.405000686645508,25.469999313354492,25.402000427246094,25.402000427246094,500,0.0,0.0,0.0
2021-02-26 00:00:00-05:00,25.402000427246094,25.402000427246094,25.402000427246094,25.402000427246094,0,0.0,0.0,0.0
2021-03-01 00:00:00-05:00,25.44300079345703,25.479999542236328,25.280000686645508,25.459999084472656,2000,0.0,0.0,0.0
2021-03-02 00:00:00-05:00,25.489999771118164,25.579999923706055,25.489999771118164,25.579999923706055,300,0.0,0.0,0.0
2021-03-03 00:00:00-05:00,25.309999465942383,25.434999465942383,25.309999465942383,25.434999465942383,500,0.0,0.0,0.0
2021-03-04 00:00:00-05:00,25.649999618530273,26.31599998474121,25.649999618530273,25.850000381469727,3700,0.0,0.0,0.0
2021-03-05 00:00:00-05:00,25.850000381469727,25.850000381469727,25.850000381469727,25.850000381469727,900,0.0,0.0,0.0
2021-03-08 00:00:00-05:00,25.399999618530273,25.68000030517578,25.399999618530273,25.56999969482422,1800,0.0,0.0,0.0
2021-03-09 00:00:00-05:00,25.639999389648438,25.639999389648438,25.639999389648438,25.639999389648438,600,0.0,0.0,0.0
2021-03-10 00:00:00-05:00,25.5,25.5,25.5,25.5,1000,0.0,0.0,0.0
2021-03-11 00:00:00-05:00,25.575000762939453,25.575000762939453,25.489999771118164,25.489999771118164,1200,0.0,0.0,0.0
2021-03-12 00:00:00-05:00,25.299999237060547,25.510000228881836,25.174999237060547,25.31800079345703,8100,0.0,0.0,0.0
2021-03-15 00:00:00-04:00,25.299999237060547,25.299999237060547,25.290000915527344,25.290000915527344,500,0.0,0.0,0.0
2021-03-16 00:00:00-04:00,25.219999313354492,25.393999099731445,25.219999313354492,25.3799991607666,2400,0.0,0.0,0.0
2021-03-17 00:00:00-04:00,25.3799991607666,25.3799991607666,25.3799991607666,25.3799991607666,0,0.0,0.0,0.0
2021-03-18 00:00:00-04:00,25.364999771118164,25.420000076293945,25.364999771118164,25.420000076293945,2900,0.0,0.0,0.0
2021-03-19 00:00:00-04:00,25.3799991607666,25.420000076293945,25.378999710083008,25.420000076293945,3400,0.0,0.0,0.0
2021-03-22 00:00:00-04:00,25.260000228881836,25.55299949645996,25.260000228881836,25.5,2500,0.0,0.0,0.0
2021-03-23 00:00:00-04:00,25.350000381469727,25.4950008392334,25.350000381469727,25.4950008392334,1200,0.0,0.0,0.0
2021-03-24 00:00:00-04:00,25.479999542236328,25.489999771118164,25.420000076293945,25.459999084472656,1600,0.0,0.0,0.0
2021-03-25 00:00:00-04:00,25.399999618530273,25.399999618530273,25.270000457763672,25.270000457763672,6100,0.0,0.0,0.0
2021-03-26 00:00:00-04:00,25.350000381469727,25.350000381469727,25.288000106811523,25.288000106811523,800,0.0,0.0,0.0
2021-03-29 00:00:00-04:00,25.260000228881836,25.2810001373291,25.25,25.260000228881836,2300,0.0,0.0,0.0
2021-03-30 00:00:00-04:00,25.299999237060547,25.31999969482422,25.261999130249023,25.299999237060547,3400,0.0,0.0,0.0
2021-03-31 00:00:00-04:00,25.34000015258789,25.34000015258789,25.274999618530273,25.309999465942383,1600,0.0,0.0,0.0
2021-04-01 00:00:00-04:00,25.34000015258789,25.34000015258789,25.34000015258789,25.34000015258789,700,0.0,0.0,0.0
2021-04-05 00:00:00-04:00,25.31999969482422,25.413999557495117,25.31999969482422,25.399999618530273,700,0.0,0.0,0.0
2021-04-06 00:00:00-04:00,25.450000762939453,25.829999923706055,25.450000762939453,25.459999084472656,1800,0.0,0.0,0.0
2021-04-07 00:00:00-04:00,25.450000762939453,25.520000457763672,25.450000762939453,25.489999771118164,600,0.0,0.0,0.0
2021-04-08 00:00:00-04:00,25.489999771118164,25.489999771118164,25.489999771118164,25.489999771118164,0,0.0,0.0,0.0
2021-04-09 00:00:00-04:00,25.450000762939453,25.450000762939453,25.450000762939453,25.450000762939453,800,0.0,0.0,0.0
2021-04-12 00:00:00-04:00,25.469999313354492,25.610000610351562,25.469999313354492,25.610000610351562,900,0.0,0.0,0.0
2021-04-13 00:00:00-04:00,25.610000610351562,25.610000610351562,25.610000610351562,25.610000610351562,0,0.0,0.0,0.0
2021-04-14 00:00:00-04:00,25.610000610351562,25.610000610351562,25.610000610351562,25.610000610351562,0,0.0,0.0,0.0
2021-04-15 00:00:00-04:00,25.57699966430664,25.57699966430664,25.57699966430664,25.57699966430664,100,0.0,0.0,0.0
2021-04-16 00:00:00-04:00,25.68000030517578,25.850000381469727,25.68000030517578,25.850000381469727,6100,0.0,0.0,0.0
2021-04-19 00:00:00-04:00,25.75,25.799999237060547,25.75,25.799999237060547,1600,0.0,0.0,0.0
2021-04-20 00:00:00-04:00,25.641000747680664,25.641000747680664,25.6299991607666,25.6299991607666,1700,0.0,0.0,0.0
2021-04-21 00:00:00-04:00,25.6299991607666,25.6299991607666,25.579999923706055,25.584999084472656,2200,0.0,0.0,0.0
2021-04-22 00:00:00-04:00,25.6299991607666,25.764999389648438,25.5,25.6299991607666,11600,0.0,0.0,0.0
2021-04-23 00:00:00-04:00,25.549999237060547,25.604999542236328,25.5,25.549999237060547,4100,0.0,0.0,0.0
2021-04-26 00:00:00-04:00,25.57200050354004,25.579999923706055,25.517000198364258,25.54199981689453,1500,0.0,0.0,0.0
2021-04-27 00:00:00-04:00,25.549999237060547,25.549999237060547,25.549999237060547,25.549999237060547,600,0.0,0.0,0.0
2021-04-28 00:00:00-04:00,25.60099983215332,25.666000366210938,25.5,25.579999923706055,2300,0.0,0.0,0.0
2021-04-29 00:00:00-04:00,25.579999923706055,25.579999923706055,25.579999923706055,25.579999923706055,0,0.0,0.0,0.0
2021-04-30 00:00:00-04:00,25.799999237060547,25.799999237060547,25.645000457763672,25.729999542236328,3400,0.0,0.0,0.0
2021-05-03 00:00:00-04:00,25.729999542236328,25.729999542236328,25.729999542236328,25.729999542236328,0,0.0,0.0,0.0
2021-05-04 00:00:00-04:00,25.56999969482422,25.56999969482422,25.56999969482422,25.56999969482422,200,0.0,0.0,0.0
2021-05-05 00:00:00-04:00,25.489999771118164,25.56999969482422,25.479999542236328,25.479999542236328,600,0.0,0.0,0.0
2021-05-06 00:00:00-04:00,25.479999542236328,25.479999542236328,25.479999542236328,25.479999542236328,0,0.0,0.0,0.0
2021-05-07 00:00:00-04:00,25.479999542236328,25.597000122070312,25.479999542236328,25.597000122070312,900,0.0,0.0,0.0
2021-05-10 00:00:00-04:00,25.597000122070312,25.597000122070312,25.597000122070312,25.597000122070312,0,0.0,0.0,0.0
2021-05-11 00:00:00-04:00,25.479999542236328,25.559999465942383,25.469999313354492,25.559999465942383,1500,0.0,0.0,0.0
2021-05-12 00:00:00-04:00,25.700000762939453,25.700000762939453,25.510000228881836,25.589000701904297,1500,0.0,0.0,0.0
2021-05-13 00:00:00-04:00,25.420000076293945,25.540000915527344,25.420000076293945,25.540000915527344,900,0.0,0.0,0.0
2021-05-14 00:00:00-04:00,25.540000915527344,25.540000915527344,25.459999084472656,25.459999084472656,2000,0.0,0.0,0.0
2021-05-17 00:00:00-04:00,25.459999084472656,25.549999237060547,25.454999923706055,25.549999237060547,3800,0.0,0.0,0.0
2021-05-18 00:00:00-04:00,25.518999099731445,25.520000457763672,25.483999252319336,25.520000457763672,2900,0.0,0.0,0.0
2021-05-19 00:00:00-04:00,25.40999984741211,25.600000381469727,25.3700008392334,25.600000381469727,3400,0.0,0.0,0.0
2021-05-20 00:00:00-04:00,25.600000381469727,25.600000381469727,25.600000381469727,25.600000381469727,0,0.0,0.0,0.0
2021-05-21 00:00:00-04:00,25.459999084472656,25.459999084472656,25.440000534057617,25.450000762939453,1600,0.0,0.0,0.0
2021-05-24 00:00:00-04:00,25.469999313354492,25.510000228881836,25.437000274658203,25.5,11900,0.0,0.0,0.0
2021-05-25 00:00:00-04:00,25.513999938964844,25.8799991607666,25.513999938964844,25.716999053955078,8900,0.0,0.0,0.0
2021-05-26 00:00:00-04:00,25.700000762939453,25.72100067138672,25.700000762939453,25.700000762939453,1400,0.0,0.0,0.0
2021-05-27 00:00:00-04:00,25.797000885009766,25.797000885009766,25.700000762939453,25.757999420166016,900,0.0,0.0,0.0
2021-05-28 00:00:00-04:00,25.600000381469727,25.600000381469727,25.600000381469727,25.600000381469727,200,0.0,0.0,0.0
2021-06-01 00:00:00-04:00,25.559999465942383,25.600000381469727,25.440000534057617,25.55299949645996,7100,0.0,0.0,0.0
2021-06-02 00:00:00-04:00,25.690000534057617,25.719999313354492,25.690000534057617,25.709999084472656,900,0.0,0.0,0.0
2021-06-03 00:00:00-04:00,25.75,25.916000366210938,25.75,25.75,6900,0.0,0.0,0.0
2021-06-04 00:00:00-04:00,25.56999969482422,25.719999313354492,25.5,25.700000762939453,7400,0.0,0.0,0.0
2021-06-07 00:00:00-04:00,25.6200008392334,25.6200008392334,25.6200008392334,25.6200008392334,500,0.0,0.0,0.0
2021-06-08 00:00:00-04:00,25.530000686645508,25.530000686645508,25.530000686645508,25.530000686645508,200,0.0,0.0,0.0
2021-06-09 00:00:00-04:00,25.549999237060547,25.66200065612793,25.549999237060547,25.66200065612793,300,0.0,0.0,0.0
2021-06-10 00:00:00-04:00,25.68000030517578,25.700000762939453,25.610000610351562,25.700000762939453,1700,0.0,0.0,0.0
2021-06-11 00:00:00-04:00,25.649999618530273,25.649999618530273,25.628000259399414,25.6299991607666,3100,0.0,0.0,0.0
2021-06-14 00:00:00-04:00,25.510000228881836,25.850000381469727,25.510000228881836,25.549999237060547,5800,0.0,0.0,0.0
2021-06-15 00:00:00-04:00,25.466999053955078,25.466999053955078,25.31999969482422,25.34000015258789,2700,0.0,0.0,0.0
2021-06-16 00:00:00-04:00,25.34000015258789,25.40399932861328,25.260000228881836,25.31999969482422,5700,0.0,0.0,0.0
2021-06-17 00:00:00-04:00,25.31999969482422,25.31999969482422,25.31999969482422,25.31999969482422,400,0.0,0.0,0.0
2021-06-18 00:00:00-04:00,25.43000030517578,25.457000732421875,25.25,25.399999618530273,9900,0.0,0.0,0.0
2021-06-21 00:00:00-04:00,25.399999618530273,25.399999618530273,25.360000610351562,25.360000610351562,1000,0.0,0.0,0.0
2021-06-22 00:00:00-04:00,25.360000610351562,25.360000610351562,25.360000610351562,25.360000610351562,800,0.0,0.0,0.0
2021-06-23 00:00:00-04:00,25.3700008392334,25.3700008392334,25.3700008392334,25.3700008392334,800,0.0,0.0,0.0
2021-06-24 00:00:00-04:00,25.33099937438965,25.360000610351562,25.33099937438965,25.360000610351562,1500,0.0,0.0,0.0
2021-06-25 00:00:00-04:00,25.3799991607666,25.3799991607666,25.3799991607666,25.3799991607666,1000,0.0,0.0,0.0
2021-06-28 00:00:00-04:00,25.3799991607666,25.398000717163086,25.3799991607666,25.398000717163086,1600,0.0,0.0,0.0
2021-06-29 00:00:00-04:00,25.469999313354492,25.479999542236328,25.43000030517578,25.479999542236328,1700,0.0,0.0,0.0
2021-06-30 00:00:00-04:00,25.489999771118164,25.530000686645508,25.450000762939453,25.450000762939453,5900,0.0,0.0,0.0
2021-07-01 00:00:00-04:00,25.450000762939453,25.450000762939453,25.450000762939453,25.450000762939453,0,0.0,0.0,0.0
2021-07-02 00:00:00-04:00,25.420000076293945,25.420000076293945,25.420000076293945,25.420000076293945,1400,0.0,0.0,0.0
2021-07-06 00:00:00-04:00,25.420000076293945,25.44300079345703,25.40999984741211,25.40999984741211,2100,0.0,0.0,0.0
2021-07-07 00:00:00-04:00,25.40999984741211,25.40999984741211,25.399999618530273,25.399999618530273,2800,0.0,0.0,0.0
2021-07-08 00:00:00-04:00,25.40999984741211,25.465999603271484,25.40999984741211,25.465999603271484,1800,0.0,0.0,0.0
2021-07-09 00:00:00-04:00,25.5,25.5,25.43000030517578,25.43000030517578,1500,0.0,0.0,0.0
2021-07-12 00:00:00-04:00,25.459999084472656,25.459999084472656,25.399999618530273,25.399999618530273,2300,0.0,0.0,0.0
2021-07-13 00:00:00-04:00,25.413000106811523,25.413000106811523,25.40999984741211,25.40999984741211,1900,0.0,0.0,0.0
2021-07-14 00:00:00-04:00,25.40999984741211,25.40999984741211,25.40999984741211,25.40999984741211,1500,0.0,0.0,0.0
2021-07-15 00:00:00-04:00,25.40999984741211,25.40999984741211,25.40999984741211,25.40999984741211,1500,0.0,0.0,0.0
2021-07-16 00:00:00-04:00,25.399999618530273,25.450000762939453,25.399999618530273,25.450000762939453,700,0.0,0.0,0.0
2021-07-19 00:00:00-04:00,25.389999389648438,25.40999984741211,25.389999389648438,25.40999984741211,400,0.0,0.0,0.0
2021-07-20 00:00:00-04:00,25.565000534057617,25.565000534057617,25.5049991607666,25.5049991607666,2400,0.0,0.0,0.0
2021-07-21 00:00:00-04:00,25.655000686645508,25.655000686645508,25.540000915527344,25.540000915527344,1100,0.0,0.0,0.0
2021-07-22 00:00:00-04:00,25.540000915527344,25.540000915527344,25.540000915527344,25.540000915527344,1600,0.0,0.0,0.0
2021-07-23 00:00:00-04:00,25.540000915527344,25.540000915527344,25.420000076293945,25.454999923706055,8400,0.0,0.0,0.0
2021-07-26 00:00:00-04:00,25.43000030517578,25.489999771118164,25.43000030517578,25.489999771118164,1500,0.0,0.0,0.0
2021-07-27 00:00:00-04:00,25.6200008392334,25.6299991607666,25.555999755859375,25.6299991607666,800,0.0,0.0,0.0
2021-07-28 00:00:00-04:00,25.6299991607666,25.6299991607666,25.6299991607666,25.6299991607666,0,0.0,0.0,0.0
2021-07-29 00:00:00-04:00,25.551000595092773,25.551000595092773,25.551000595092773,25.551000595092773,400,0.0,0.0,0.0
2021-07-30 00:00:00-04:00,25.549999237060547,25.575000762939453,25.389999389648438,25.389999389648438,2100,0.0,0.0,0.0
2021-08-02 00:00:00-04:00,25.450000762939453,25.524999618530273,25.450000762939453,25.450000762939453,600,0.0,0.0,0.0
2021-08-03 00:00:00-04:00,25.450000762939453,25.506000518798828,25.450000762939453,25.469999313354492,800,0.0,0.0,0.0
2021-08-04 00:00:00-04:00,25.469999313354492,25.469999313354492,25.469999313354492,25.469999313354492,0,0.0,0.0,0.0
2021-08-05 00:00:00-04:00,25.469999313354492,25.469999313354492,25.469999313354492,25.469999313354492,0,0.0,0.0,0.0
2021-08-06 00:00:00-04:00,25.549999237060547,25.549999237060547,25.549999237060547,25.549999237060547,500,0.0,0.0,0.0
2021-08-09 00:00:00-04:00,25.524999618530273,25.524999618530273,25.43000030517578,25.43000030517578,1900,0.0,0.0,0.0
2021-08-10 00:00:00-04:00,25.43000030517578,25.43000030517578,25.43000030517578,25.43000030517578,0,0.0,0.0,0.0
2021-08-11 00:00:00-04:00,25.5,25.52199935913086,25.420000076293945,25.43000030517578,4000,0.0,0.0,0.0
2021-08-12 00:00:00-04:00,25.43000030517578,25.43000030517578,25.43000030517578,25.43000030517578,0,0.0,0.0,0.0
2021-08-13 00:00:00-04:00,25.5,25.5,25.43000030517578,25.43000030517578,600,0.0,0.0,0.0
2021-08-16 00:00:00-04:00,25.43000030517578,25.43000030517578,25.420000076293945,25.43000030517578,1700,0.0,0.0,0.0
2021-08-17 00:00:00-04:00,25.43000030517578,25.43000030517578,25.43000030517578,25.43000030517578,0,0.0,0.0,0.0
2021-08-18 00:00:00-04:00,25.514999389648438,25.579999923706055,25.450000762939453,25.450000762939453,1600,0.0,0.0,0.0
2021-08-19 00:00:00-04:00,25.450000762939453,25.450000762939453,25.450000762939453,25.450000762939453,0,0.0,0.0,0.0
2021-08-20 00:00:00-04:00,25.450000762939453,25.450000762939453,25.450000762939453,25.450000762939453,0,0.0,0.0,0.0
2021-08-23 00:00:00-04:00,25.450000762939453,25.450000762939453,25.450000762939453,25.450000762939453,0,0.0,0.0,0.0
2021-08-24 00:00:00-04:00,25.459999084472656,25.459999084472656,25.459999084472656,25.459999084472656,200,0.0,0.0,0.0
2021-08-25 00:00:00-04:00,25.514999389648438,25.514999389648438,25.514999389648438,25.514999389648438,200,0.0,0.0,0.0
2021-08-26 00:00:00-04:00,25.549999237060547,25.549999237060547,25.540000915527344,25.540000915527344,600,0.0,0.0,0.0
2021-08-27 00:00:00-04:00,25.6200008392334,25.6200008392334,25.479999542236328,25.510000228881836,10000,0.0,0.0,0.0
2021-08-30 00:00:00-04:00,25.6299991607666,25.6299991607666,25.600000381469727,25.6200008392334,600,0.0,0.0,0.0
2021-08-31 00:00:00-04:00,25.6200008392334,25.68000030517578,25.5,25.649999618530273,3000,0.0,0.0,0.0
2021-09-01 00:00:00-04:00,25.55699920654297,25.75,25.520000457763672,25.75,2400,0.0,0.0,0.0
2021-09-02 00:00:00-04:00,25.719999313354492,25.763999938964844,25.719999313354492,25.75,4100,0.0,0.0,0.0
2021-09-03 00:00:00-04:00,25.75,25.75,25.75,25.75,0,0.0,0.0,0.0
2021-09-07 00:00:00-04:00,25.729999542236328,25.770000457763672,25.66900062561035,25.66900062561035,1900,0.0,0.0,0.0
2021-09-08 00:00:00-04:00,25.65999984741211,25.80699920654297,25.65999984741211,25.80699920654297,500,0.0,0.0,0.0
2021-09-09 00:00:00-04:00,25.709999084472656,25.709999084472656,25.649999618530273,25.68000030517578,1700,0.0,0.0,0.0
2021-09-10 00:00:00-04:00,25.739999771118164,25.760000228881836,25.739999771118164,25.75,1300,0.0,0.0,0.0
2021-09-13 00:00:00-04:00,25.700000762939453,25.700000762939453,25.700000762939453,25.700000762939453,400,0.0,0.0,0.0
2021-09-14 00:00:00-04:00,25.440000534057617,25.649999618530273,25.261999130249023,25.375,25000,0.0,0.0,0.0
2021-09-15 00:00:00-04:00,25.350000381469727,25.350000381469727,25.350000381469727,25.350000381469727,500,0.0,0.0,0.0
2021-09-16 00:00:00-04:00,25.40999984741211,25.417999267578125,25.399999618530273,25.399999618530273,900,0.0,0.0,0.0
2021-09-17 00:00:00-04:00,25.309999465942383,25.309999465942383,25.290000915527344,25.290000915527344,500,0.0,0.0,0.0
2021-09-20 00:00:00-04:00,25.290000915527344,25.290000915527344,25.290000915527344,25.290000915527344,0,0.0,0.0,0.0
2021-09-21 00:00:00-04:00,25.3700008392334,25.530000686645508,25.3700008392334,25.530000686645508,1100,0.0,0.0,0.0
2021-09-22 00:00:00-04:00,25.530000686645508,25.530000686645508,25.530000686645508,25.530000686645508,0,0.0,0.0,0.0
2021-09-23 00:00:00-04:00,25.530000686645508,25.530000686645508,25.530000686645508,25.530000686645508,0,0.0,0.0,0.0
2021-09-24 00:00:00-04:00,25.450000762939453,25.450000762939453,25.25,25.25,1700,0.0,0.0,0.0
2021-09-27 00:00:00-04:00,25.280000686645508,25.350000381469727,25.280000686645508,25.350000381469727,600,0.0,0.0,0.0
2021-09-28 00:00:00-04:00,25.465999603271484,25.465999603271484,25.31999969482422,25.31999969482422,500,0.0,0.0,0.0
2021-09-29 00:00:00-04:00,25.450000762939453,25.450000762939453,25.385000228881836,25.43000030517578,600,0.0,0.0,0.0
2021-09-30 00:00:00-04:00,25.43000030517578,25.43000030517578,25.415000915527344,25.415000915527344,300,0.0,0.0,0.0
2021-10-01 00:00:00-04:00,25.420000076293945,25.510000228881836,25.420000076293945,25.420000076293945,800,0.0,0.0,0.0
2021-10-04 00:00:00-04:00,25.5,25.50200080871582,25.31999969482422,25.399999618530273,1400,0.0,0.0,0.0
2021-10-05 00:00:00-04:00,25.458999633789062,25.458999633789062,25.458999633789062,25.458999633789062,100,0.0,0.0,0.0
2021-10-06 00:00:00-04:00,25.5,25.5,25.5,25.5,400,0.0,0.0,0.0
2021-10-07 00:00:00-04:00,25.55299949645996,25.55299949645996,25.5,25.5,1900,0.0,0.0,0.0
2021-10-08 00:00:00-04:00,25.309999465942383,25.309999465942383,25.309999465942383,25.309999465942383,300,0.0,0.0,0.0
2021-10-11 00:00:00-04:00,25.464000701904297,25.464000701904297,25.31999969482422,25.31999969482422,500,0.0,0.0,0.0
2021-10-12 00:00:00-04:00,25.31999969482422,25.31999969482422,25.31999969482422,25.31999969482422,0,0.0,0.0,0.0
2021-10-13 00:00:00-04:00,25.420000076293945,25.420000076293945,25.420000076293945,25.420000076293945,100,0.0,0.0,0.0
2021-10-14 00:00:00-04:00,25.420000076293945,25.420000076293945,25.420000076293945,25.420000076293945,200,0.0,0.0,0.0
2021-10-15 00:00:00-04:00,25.34000015258789,25.420000076293945,25.34000015258789,25.40999984741211,800,0.0,0.0,0.0
2021-10-18 00:00:00-04:00,25.450000762939453,25.492000579833984,25.450000762939453,25.479999542236328,1900,0.0,0.0,0.0
2021-10-19 00:00:00-04:00,25.520000457763672,25.520000457763672,25.520000457763672,25.520000457763672,100,0.0,0.0,0.0
2021-10-20 00:00:00-04:00,25.479999542236328,25.5,25.299999237060547,25.5,1400,0.0,0.0,0.0
2021-10-21 00:00:00-04:00,25.309999465942383,25.399999618530273,25.299999237060547,25.3799991607666,900,0.0,0.0,0.0
2021-10-22 00:00:00-04:00,25.350000381469727,25.350000381469727,25.260000228881836,25.260000228881836,1100,0.0,0.0,0.0
2021-10-25 00:00:00-04:00,25.299999237060547,25.31999969482422,25.299999237060547,25.31999969482422,700,0.0,0.0,0.0
2021-10-26 00:00:00-04:00,25.479999542236328,25.489999771118164,25.350000381469727,25.350000381469727,1700,0.0,0.0,0.0
2021-10-27 00:00:00-04:00,25.3439998626709,25.350000381469727,25.329999923706055,25.350000381469727,900,0.0,0.0,0.0
2021-10-28 00:00:00-04:00,25.3700008392334,25.3700008392334,25.360000610351562,25.360000610351562,700,0.0,0.0,0.0
2021-10-29 00:00:00-04:00,25.489999771118164,25.489999771118164,25.489999771118164,25.489999771118164,100,0.0,0.0,0.0
2021-11-01 00:00:00-04:00,25.489999771118164,25.489999771118164,25.489999771118164,25.489999771118164,0,0.0,0.0,0.0
2021-11-02 00:00:00-04:00,25.489999771118164,25.489999771118164,25.489999771118164,25.489999771118164,0,0.0,0.0,0.0
2021-11-03 00:00:00-04:00,25.360000610351562,25.360000610351562,25.360000610351562,25.360000610351562,2100,0.0,0.0,0.0
2021-11-04 00:00:00-04:00,25.31999969482422,25.31999969482422,25.31999969482422,25.31999969482422,1400,0.0,0.0,0.0
2021-11-05 00:00:00-04:00,25.290000915527344,25.31100082397461,25.290000915527344,25.309999465942383,4300,0.0,0.0,0.0
2021-11-08 00:00:00-05:00,25.399999618530273,25.399999618530273,25.336999893188477,25.336999893188477,600,0.0,0.0,0.0
2021-11-09 00:00:00-05:00,25.299999237060547,25.299999237060547,25.290000915527344,25.290000915527344,600,0.0,0.0,0.0
2021-11-10 00:00:00-05:00,25.309999465942383,25.309999465942383,25.309999465942383,25.309999465942383,200,0.0,0.0,0.0
2021-11-11 00:00:00-05:00,25.31999969482422,25.31999969482422,25.309999465942383,25.309999465942383,600,0.0,0.0,0.0
2021-11-12 00:00:00-05:00,25.334999084472656,25.3799991607666,25.329999923706055,25.3799991607666,1400,0.0,0.0,0.0
2021-11-15 00:00:00-05:00,25.3799991607666,25.3799991607666,25.3799991607666,25.3799991607666,0,0.0,0.0,0.0
2021-11-16 00:00:00-05:00,25.639999389648438,25.639999389648438,25.31999969482422,25.31999969482422,400,0.0,0.0,0.0
2021-11-17 00:00:00-05:00,25.31999969482422,25.31999969482422,25.31999969482422,25.31999969482422,0,0.0,0.0,0.0
2021-11-18 00:00:00-05:00,25.389999389648438,25.420000076293945,25.389999389648438,25.40999984741211,1000,0.0,0.0,0.0
2021-11-19 00:00:00-05:00,25.440000534057617,25.440000534057617,25.440000534057617,25.440000534057617,100,0.0,0.0,0.0
2021-11-22 00:00:00-05:00,25.450000762939453,25.450000762939453,25.3799991607666,25.3799991607666,1000,0.0,0.0,0.0
2021-11-23 00:00:00-05:00,25.40999984741211,25.40999984741211,25.40999984741211,25.40999984741211,300,0.0,0.0,0.0
2021-11-24 00:00:00-05:00,25.3799991607666,25.450000762939453,25.360000610351562,25.450000762939453,6500,0.0,0.0,0.0
2021-11-26 00:00:00-05:00,25.520000457763672,25.520000457763672,25.360000610351562,25.360000610351562,3000,0.0,0.0,0.0
2021-11-29 00:00:00-05:00,25.399999618530273,25.450000762939453,25.360000610351562,25.450000762939453,3700,0.0,0.0,0.0
2021-11-30 00:00:00-05:00,25.450000762939453,25.450000762939453,25.450000762939453,25.450000762939453,500,0.0,0.0,0.0
2021-12-01 00:00:00-05:00,25.450000762939453,25.5,25.360000610351562,25.3700008392334,3700,0.0,0.0,0.0
2021-12-02 00:00:00-05:00,25.450000762939453,25.5,25.40999984741211,25.5,500,0.0,0.0,0.0
2021-12-03 00:00:00-05:00,25.5,25.5,25.5,25.5,200,0.0,0.0,0.0
2021-12-06 00:00:00-05:00,25.510000228881836,25.649999618530273,25.389999389648438,25.44700050354004,7700,0.0,0.0,0.0
2021-12-07 00:00:00-05:00,25.489999771118164,25.510000228881836,25.399999618530273,25.399999618530273,3400,0.0,0.0,0.0
2021-12-08 00:00:00-05:00,25.40999984741211,25.420000076293945,25.360000610351562,25.420000076293945,9500,0.0,0.0,0.0
2021-12-09 00:00:00-05:00,25.540000915527344,25.540000915527344,25.40999984741211,25.489999771118164,2000,0.0,0.0,0.0
2021-12-10 00:00:00-05:00,25.489999771118164,25.489999771118164,25.489999771118164,25.489999771118164,0,0.0,0.0,0.0
2021-12-13 00:00:00-05:00,25.440000534057617,25.5,25.440000534057617,25.5,500,0.0,0.0,0.0
2021-12-14 00:00:00-05:00,25.229999542236328,25.229999542236328,25.15999984741211,25.18600082397461,2400,0.0,0.0,0.0
2021-12-15 00:00:00-05:00,25.219999313354492,25.219999313354492,25.1299991607666,25.170000076293945,4900,0.0,0.0,0.0
2021-12-16 00:00:00-05:00,25.15999984741211,25.190000534057617,25.15999984741211,25.190000534057617,700,0.0,0.0,0.0
2021-12-17 00:00:00-05:00,25.18000030517578,25.18000030517578,25.170000076293945,25.170000076293945,600,0.0,0.0,0.0
2021-12-20 00:00:00-05:00,25.209999084472656,25.209999084472656,25.18000030517578,25.18000030517578,1100,0.0,0.0,0.0
2021-12-21 00:00:00-05:00,25.18000030517578,25.21500015258789,25.18000030517578,25.18000030517578,2900,0.0,0.0,0.0
2021-12-22 00:00:00-05:00,25.149999618530273,25.149999618530273,25.149999618530273,25.149999618530273,2000,0.0,0.0,0.0
2021-12-23 00:00:00-05:00,25.200000762939453,25.200000762939453,25.15999984741211,25.18000030517578,1900,0.0,0.0,0.0
2021-12-27 00:00:00-05:00,25.155000686645508,25.155000686645508,25.110000610351562,25.149999618530273,3200,0.0,0.0,0.0
2021-12-28 00:00:00-05:00,25.15999984741211,25.200000762939453,25.15999984741211,25.15999984741211,700,0.0,0.0,0.0
2021-12-29 00:00:00-05:00,25.25,25.25,25.149999618530273,25.149999618530273,3900,0.0,0.0,0.0
2021-12-30 00:00:00-05:00,25.243000030517578,25.34000015258789,25.235000610351562,25.30699920654297,4200,0.0,0.0,0.0
2021-12-31 00:00:00-05:00,25.329999923706055,25.374000549316406,25.329999923706055,25.374000549316406,1700,0.0,0.0,0.0
2022-01-03 00:00:00-05:00,25.350000381469727,25.719999313354492,25.350000381469727,25.52400016784668,3200,0.0,0.0,0.0
2022-01-04 00:00:00-05:00,25.40999984741211,25.40999984741211,25.399999618530273,25.399999618530273,900,0.0,0.0,0.0
2022-01-05 00:00:00-05:00,25.399999618530273,25.440000534057617,25.399999618530273,25.399999618530273,3100,0.0,0.0,0.0
2022-01-06 00:00:00-05:00,25.350000381469727,25.459999084472656,25.350000381469727,25.459999084472656,1000,0.0,0.0,0.0
2022-01-07 00:00:00-05:00,25.479999542236328,25.479999542236328,25.479999542236328,25.479999542236328,1500,0.0,0.0,0.0
2022-01-10 00:00:00-05:00,25.440000534057617,25.440000534057617,25.40999984741211,25.40999984741211,400,0.0,0.0,0.0
2022-01-11 00:00:00-05:00,25.399999618530273,25.399999618530273,25.399999618530273,25.399999618530273,700,0.0,0.0,0.0
2022-01-12 00:00:00-05:00,25.399999618530273,25.479999542236328,25.399999618530273,25.479999542236328,1300,0.0,0.0,0.0
2022-01-13 00:00:00-05:00,25.434999465942383,25.434999465942383,25.239999771118164,25.260000228881836,13000,0.0,0.0,0.0
2022-01-14 00:00:00-05:00,25.170000076293945,25.25,25.15999984741211,25.239999771118164,5100,0.0,0.0,0.0
2022-01-18 00:00:00-05:00,25.18000030517578,25.201000213623047,25.149999618530273,25.149999618530273,23100,0.0,0.0,0.0
2022-01-19 00:00:00-05:00,25.149999618530273,25.190000534057617,25.149999618530273,25.190000534057617,20000,0.0,0.0,0.0
2022-01-20 00:00:00-05:00,25.18000030517578,25.18000030517578,25.15999984741211,25.170000076293945,12900,0.0,0.0,0.0
2022-01-21 00:00:00-05:00,25.174999237060547,25.174999237060547,25.170000076293945,25.170000076293945,400,0.0,0.0,0.0
2022-01-24 00:00:00-05:00,25.165000915527344,25.200000762939453,25.15999984741211,25.184999465942383,17700,0.0,0.0,0.0
2022-01-25 00:00:00-05:00,25.18000030517578,25.18000030517578,25.18000030517578,25.18000030517578,200,0.0,0.0,0.0
2022-01-26 00:00:00-05:00,25.15999984741211,25.200000762939453,25.15999984741211,25.15999984741211,1500,0.0,0.0,0.0
2022-01-27 00:00:00-05:00,25.15999984741211,25.15999984741211,25.15999984741211,25.15999984741211,1000,0.0,0.0,0.0
2022-01-28 00:00:00-05:00,25.15999984741211,25.15999984741211,25.15999984741211,25.15999984741211,2300,0.0,0.0,0.0
2022-01-31 00:00:00-05:00,25.184999465942383,25.190000534057617,25.170000076293945,25.170000076293945,6300,0.0,0.0,0.0
2022-02-01 00:00:00-05:00,25.190000534057617,25.190000534057617,25.190000534057617,25.190000534057617,900,0.0,0.0,0.0
2022-02-02 00:00:00-05:00,25.170000076293945,25.190000534057617,25.170000076293945,25.177000045776367,2200,0.0,0.0,0.0
2022-02-03 00:00:00-05:00,25.170000076293945,25.190000534057617,25.170000076293945,25.190000534057617,1500,0.0,0.0,0.0
2022-02-04 00:00:00-05:00,25.18000030517578,25.18000030517578,25.170000076293945,25.170000076293945,1200,0.0,0.0,0.0
2022-02-07 00:00:00-05:00,25.194000244140625,25.194000244140625,25.18000030517578,25.184999465942383,10300,0.0,0.0,0.0
2022-02-08 00:00:00-05:00,25.194000244140625,25.19499969482422,25.190000534057617,25.190000534057617,5600,0.0,0.0,0.0
2022-02-09 00:00:00-05:00,25.190000534057617,25.190000534057617,25.190000534057617,25.190000534057617,200,0.0,0.0,0.0
2022-02-10 00:00:00-05:00,25.190000534057617,25.190000534057617,25.190000534057617,25.190000534057617,400,0.0,0.0,0.0
2022-02-11 00:00:00-05:00,25.190000534057617,25.190000534057617,25.190000534057617,25.190000534057617,12300,0.0,0.0,0.0
