Date,Open,High,Low,Close,Volume,Dividends,Stock Splits,Capital Gains
2015-01-21 00:00:00-05:00,20.31406593322754,20.31406593322754,20.31406593322754,20.31406593322754,0,0.0,0.0,0.0
2015-01-22 00:00:00-05:00,20.376379013061523,20.376379013061523,20.376379013061523,20.376379013061523,0,0.0,0.0,0.0
2015-01-23 00:00:00-05:00,20.485427856445312,20.485427856445312,20.485427856445312,20.485427856445312,100,0.0,0.0,0.0
2015-01-26 00:00:00-05:00,20.485427856445312,20.485427856445312,20.485427856445312,20.485427856445312,0,0.0,0.0,0.0
2015-01-27 00:00:00-05:00,22.962372199042587,22.962372199042587,20.69573377865525,20.75025749206543,700,0.0,0.0,0.0
2015-01-28 00:00:00-05:00,20.75025749206543,20.75025749206543,20.75025749206543,20.75025749206543,0,0.0,0.0,0.0
2015-01-29 00:00:00-05:00,20.22059440612793,20.22059440612793,20.22059440612793,20.22059440612793,0,0.0,0.0,0.0
2015-01-30 00:00:00-05:00,20.54773712158203,20.54773712158203,20.54773712158203,20.54773712158203,0,0.0,0.0,0.0
2015-02-02 00:00:00-05:00,20.446480989052734,20.477638244628906,20.446480989052734,20.477638244628906,2200,0.0,0.0,0.0
2015-02-03 00:00:00-05:00,20.477638244628906,20.477638244628906,20.477638244628906,20.477638244628906,0,0.0,0.0,0.0
2015-02-04 00:00:00-05:00,20.82814598083496,20.82814598083496,20.82814598083496,20.82814598083496,0,0.0,0.0,0.0
2015-02-05 00:00:00-05:00,20.836717893101305,20.836717893101305,20.835939407348633,20.835939407348633,2000,0.0,0.0,0.0
2015-02-06 00:00:00-05:00,20.835939407348633,20.835939407348633,20.835939407348633,20.835939407348633,1400,0.0,0.0,0.0
2015-02-09 00:00:00-05:00,20.680156707763672,20.680156707763672,20.680156707763672,20.680156707763672,200,0.0,0.0,0.0
2015-02-10 00:00:00-05:00,20.680156707763672,20.680156707763672,20.680156707763672,20.680156707763672,0,0.0,0.0,0.0
2015-02-11 00:00:00-05:00,20.711315155029297,20.711315155029297,20.711315155029297,20.711315155029297,0,0.0,0.0,0.0
2015-02-12 00:00:00-05:00,20.57889747619629,20.57889747619629,20.57889747619629,20.57889747619629,0,0.0,0.0,0.0
2015-02-13 00:00:00-05:00,20.874881744384766,20.874881744384766,20.874881744384766,20.874881744384766,0,0.0,0.0,0.0
2015-02-17 00:00:00-05:00,20.843727111816406,20.843727111816406,20.843727111816406,20.843727111816406,0,0.0,0.0,0.0
2015-02-18 00:00:00-05:00,20.89046287536621,20.89046287536621,20.89046287536621,20.89046287536621,0,0.0,0.0,0.0
2015-02-19 00:00:00-05:00,20.97614288330078,20.97614288330078,20.97614288330078,20.97614288330078,0,0.0,0.0,0.0
2015-02-20 00:00:00-05:00,20.937198638916016,20.937198638916016,20.937198638916016,20.937198638916016,0,0.0,0.0,0.0
2015-02-23 00:00:00-05:00,21.334444046020508,21.334444046020508,21.334444046020508,21.334444046020508,200,0.0,0.0,0.0
2015-02-24 00:00:00-05:00,21.334444046020508,21.334444046020508,21.334444046020508,21.334444046020508,0,0.0,0.0,0.0
2015-02-25 00:00:00-05:00,21.217605590820312,21.217605590820312,21.217605590820312,21.217605590820312,0,0.0,0.0,0.0
2015-02-26 00:00:00-05:00,21.35781186575429,21.381179809570312,21.35781186575429,21.381179809570312,1000,0.0,0.0,0.0
2015-02-27 00:00:00-05:00,21.381179809570312,21.381179809570312,21.381179809570312,21.381179809570312,0,0.0,0.0,0.0
2015-03-02 00:00:00-05:00,21.321983337402344,21.321983337402344,21.321983337402344,21.321983337402344,200,0.0,0.0,0.0
2015-03-03 00:00:00-05:00,21.420124053955078,21.420124053955078,21.420124053955078,21.420124053955078,100,0.0,0.0,0.0
2015-03-04 00:00:00-05:00,21.420124053955078,21.420124053955078,21.420124053955078,21.420124053955078,0,0.0,0.0,0.0
2015-03-05 00:00:00-05:00,21.116350173950195,21.116350173950195,21.116350173950195,21.116350173950195,0,0.0,0.0,0.0
2015-03-06 00:00:00-05:00,20.874881744384766,20.874881744384766,20.874881744384766,20.874881744384766,100,0.0,0.0,0.0
2015-03-09 00:00:00-04:00,20.89824867248535,20.89824867248535,20.89824867248535,20.89824867248535,200,0.0,0.0,0.0
2015-03-10 00:00:00-04:00,20.64900016784668,20.64900016784668,20.64900016784668,20.64900016784668,400,0.0,0.0,0.0
2015-03-11 00:00:00-04:00,20.64900016784668,20.64900016784668,20.64900016784668,20.64900016784668,0,0.0,0.0,0.0
2015-03-12 00:00:00-04:00,20.5711063010325,20.703521661154856,20.5711063010325,20.632640838623047,900,0.0,0.0,0.0
2015-03-13 00:00:00-04:00,20.632640838623047,20.632640838623047,20.632640838623047,20.632640838623047,0,0.0,0.0,0.0
2015-03-16 00:00:00-04:00,20.77362823486328,20.77362823486328,20.77362823486328,20.77362823486328,300,0.0,0.0,0.0
2015-03-17 00:00:00-04:00,20.77362823486328,20.77362823486328,20.77362823486328,20.77362823486328,0,0.0,0.0,0.0
2015-03-18 00:00:00-04:00,20.85930633544922,20.85930633544922,20.85930633544922,20.85930633544922,300,0.0,0.0,0.0
2015-03-19 00:00:00-04:00,20.952775955200195,20.952775955200195,20.952775955200195,20.952775955200195,800,0.0,0.0,0.0
2015-03-20 00:00:00-04:00,20.952775955200195,20.952775955200195,20.952775955200195,20.952775955200195,0,0.0,0.0,0.0
2015-03-23 00:00:00-04:00,21.2409725189209,21.2409725189209,21.2409725189209,21.2409725189209,0,0.0,0.0,0.0
2015-03-24 00:00:00-04:00,21.412336349487305,21.412336349487305,21.412336349487305,21.412336349487305,0,0.0,0.0,0.0
2015-03-25 00:00:00-04:00,21.388961791992188,21.388961791992188,21.388961791992188,21.388961791992188,0,0.0,0.0,0.0
2015-03-26 00:00:00-04:00,21.217605590820312,21.217605590820312,21.217605590820312,21.217605590820312,0,0.0,0.0,0.0
2015-03-27 00:00:00-04:00,21.108558654785156,21.108558654785156,21.108558654785156,21.108558654785156,0,0.0,0.0,0.0
2015-03-30 00:00:00-04:00,21.108558654785156,21.108558654785156,21.108558654785156,21.108558654785156,0,0.0,0.0,0.0
2015-03-31 00:00:00-04:00,21.046249357449135,21.046249357449135,20.992504119873047,20.992504119873047,1000,0.0,0.0,0.0
2015-04-01 00:00:00-04:00,21.14750862121582,21.14750862121582,21.14750862121582,21.14750862121582,900,0.0,0.0,0.0
2015-04-02 00:00:00-04:00,21.14750862121582,21.14750862121582,21.14750862121582,21.14750862121582,0,0.0,0.0,0.0
2015-04-06 00:00:00-04:00,21.14750862121582,21.14750862121582,21.14750862121582,21.14750862121582,0,0.0,0.0,0.0
2015-04-07 00:00:00-04:00,21.14750862121582,21.14750862121582,21.14750862121582,21.14750862121582,0,0.0,0.0,0.0
2015-04-08 00:00:00-04:00,21.14750862121582,21.14750862121582,21.14750862121582,21.14750862121582,0,0.0,0.0,0.0
2015-04-09 00:00:00-04:00,21.14750862121582,21.14750862121582,21.14750862121582,21.14750862121582,0,0.0,0.0,0.0
2015-04-10 00:00:00-04:00,21.14750862121582,21.14750862121582,21.14750862121582,21.14750862121582,0,0.0,0.0,0.0
2015-04-13 00:00:00-04:00,21.583691365443485,21.731685339527267,21.568114225271138,21.723896026611328,67100,0.0,0.0,0.0
2015-04-14 00:00:00-04:00,21.723896026611328,21.723896026611328,21.723896026611328,21.723896026611328,0,0.0,0.0,0.0
2015-04-15 00:00:00-04:00,21.723896026611328,21.723896026611328,21.723896026611328,21.723896026611328,0,0.0,0.0,0.0
2015-04-16 00:00:00-04:00,21.723896026611328,21.723896026611328,21.723896026611328,21.723896026611328,0,0.0,0.0,0.0
2015-04-17 00:00:00-04:00,21.723896026611328,21.723896026611328,21.723896026611328,21.723896026611328,0,0.0,0.0,0.0
2015-04-20 00:00:00-04:00,21.801788330078125,21.801788330078125,21.801788330078125,21.801788330078125,800,0.0,0.0,0.0
2015-04-21 00:00:00-04:00,21.801788330078125,21.801788330078125,21.801788330078125,21.801788330078125,0,0.0,0.0,0.0
2015-04-22 00:00:00-04:00,21.801788330078125,21.801788330078125,21.801788330078125,21.801788330078125,0,0.0,0.0,0.0
2015-04-23 00:00:00-04:00,21.801788330078125,21.801788330078125,21.801788330078125,21.801788330078125,0,0.0,0.0,0.0
2015-04-24 00:00:00-04:00,22.121144786766262,22.121144786766262,22.106346130371094,22.106346130371094,1200,0.0,0.0,0.0
2015-04-27 00:00:00-04:00,22.106346130371094,22.106346130371094,22.106346130371094,22.106346130371094,0,0.0,0.0,0.0
2015-04-28 00:00:00-04:00,22.106346130371094,22.106346130371094,22.106346130371094,22.106346130371094,0,0.0,0.0,0.0
2015-04-29 00:00:00-04:00,22.105567461361492,22.105567461361492,22.060391518165464,22.08220100402832,700,0.0,0.0,0.0
2015-04-30 00:00:00-04:00,21.965362548828125,21.965362548828125,21.965362548828125,21.965362548828125,600,0.0,0.0,0.0
2015-05-01 00:00:00-04:00,22.00431310756677,22.0198917388916,22.00431310756677,22.0198917388916,700,0.0,0.0,0.0
2015-05-04 00:00:00-04:00,22.0198917388916,22.0198917388916,22.0198917388916,22.0198917388916,0,0.0,0.0,0.0
2015-05-05 00:00:00-04:00,21.98873350221507,21.98873350221507,21.871896743774414,21.871896743774414,1700,0.0,0.0,0.0
2015-05-06 00:00:00-04:00,21.871896743774414,21.871896743774414,21.871896743774414,21.871896743774414,0,0.0,0.0,0.0
2015-05-07 00:00:00-04:00,21.63821792602539,21.63821792602539,21.63821792602539,21.63821792602539,0,0.0,0.0,0.0
2015-05-08 00:00:00-04:00,22.26913833618164,22.26913833618164,22.26913833618164,22.26913833618164,2000,0.0,0.0,0.0
2015-05-11 00:00:00-04:00,22.26913833618164,22.26913833618164,22.26913833618164,22.26913833618164,0,0.0,0.0,0.0
2015-05-12 00:00:00-04:00,22.059608332605297,22.097776412963867,22.058829846983567,22.097776412963867,6300,0.0,0.0,0.0
2015-05-13 00:00:00-04:00,22.1741076313156,22.19903253993168,22.151518179357115,22.167875289916992,3700,0.0,0.0,0.0
2015-05-14 00:00:00-04:00,22.3937680592562,22.448291778564453,22.3937680592562,22.448291778564453,500,0.0,0.0,0.0
2015-05-15 00:00:00-04:00,22.440498111334737,22.49502182006836,22.440498111334737,22.49502182006836,2000,0.0,0.0,0.0
2015-05-18 00:00:00-04:00,22.38597810464345,22.38597810464345,22.370399475097656,22.370399475097656,500,0.0,0.0,0.0
2015-05-19 00:00:00-04:00,22.367283278873085,22.367283278873085,22.339242935180664,22.339242935180664,500,0.0,0.0,0.0
2015-05-20 00:00:00-04:00,22.339242935180664,22.339242935180664,22.339242935180664,22.339242935180664,0,0.0,0.0,0.0
2015-05-21 00:00:00-04:00,22.339242935180664,22.339242935180664,22.339242935180664,22.339242935180664,0,0.0,0.0,0.0
2015-05-22 00:00:00-04:00,22.339242935180664,22.339242935180664,22.339242935180664,22.339242935180664,0,0.0,0.0,0.0
2015-05-26 00:00:00-04:00,22.269139135999534,22.269139135999534,21.926416748432278,21.996519088745117,700,0.0,0.0,0.0
2015-05-27 00:00:00-04:00,21.988730768204388,22.144514083862305,21.988730768204388,22.144514083862305,300,0.0,0.0,0.0
2015-05-28 00:00:00-04:00,22.043256759643555,22.043256759643555,22.043256759643555,22.043256759643555,500,0.0,0.0,0.0
2015-05-29 00:00:00-04:00,21.918628692626953,21.918628692626953,21.918628692626953,21.918628692626953,100,0.0,0.0,0.0
2015-06-01 00:00:00-04:00,21.692741990601508,21.73168707262754,21.692741990601508,21.70832061767578,1000,0.0,0.0,0.0
2015-06-02 00:00:00-04:00,21.801788330078125,21.801788330078125,21.801788330078125,21.801788330078125,400,0.0,0.0,0.0
2015-06-03 00:00:00-04:00,22.09777617270748,22.09777617270748,22.000411987304688,22.000411987304688,1300,0.0,0.0,0.0
2015-06-04 00:00:00-04:00,22.000411987304688,22.000411987304688,22.000411987304688,22.000411987304688,0,0.0,0.0,0.0
2015-06-05 00:00:00-04:00,21.459066215522103,21.459066215522103,21.44348907470703,21.44348907470703,3700,0.0,0.0,0.0
2015-06-08 00:00:00-04:00,21.451280229309404,21.451280229309404,21.334442006379707,21.35313606262207,1000,0.0,0.0,0.0
2015-06-09 00:00:00-04:00,21.35313606262207,21.35313606262207,21.35313606262207,21.35313606262207,0,0.0,0.0,0.0
2015-06-10 00:00:00-04:00,21.731689453125,21.731689453125,21.731689453125,21.731689453125,400,0.0,0.0,0.0
2015-06-11 00:00:00-04:00,21.731689453125,21.731689453125,21.731689453125,21.731689453125,0,0.0,0.0,0.0
2015-06-12 00:00:00-04:00,21.66158676147461,21.66158676147461,21.66158676147461,21.66158676147461,1200,0.0,0.0,0.0
2015-06-15 00:00:00-04:00,21.66158676147461,21.66158676147461,21.66158676147461,21.66158676147461,0,0.0,0.0,0.0
2015-06-16 00:00:00-04:00,21.66158676147461,21.66158676147461,21.66158676147461,21.66158676147461,0,0.0,0.0,0.0
2015-06-17 00:00:00-04:00,21.66158676147461,21.66158676147461,21.66158676147461,21.66158676147461,0,0.0,0.0,0.0
2015-06-18 00:00:00-04:00,21.66158676147461,21.66158676147461,21.66158676147461,21.66158676147461,0,0.0,0.0,0.0
2015-06-19 00:00:00-04:00,21.66158676147461,21.66158676147461,21.66158676147461,21.66158676147461,0,0.0,0.0,0.0
2015-06-22 00:00:00-04:00,21.66158676147461,21.66158676147461,21.66158676147461,21.66158676147461,0,0.0,0.0,0.0
2015-06-23 00:00:00-04:00,21.66158676147461,21.66158676147461,21.66158676147461,21.66158676147461,0,0.0,0.0,0.0
2015-06-24 00:00:00-04:00,21.910837173461914,21.910837173461914,21.910837173461914,21.910837173461914,200,0.0,0.0,0.0
2015-06-25 00:00:00-04:00,22.34454345703125,22.34454345703125,22.34454345703125,22.34454345703125,0,0.546,0.0,0.0
2015-06-26 00:00:00-04:00,22.34454345703125,22.34454345703125,22.34454345703125,22.34454345703125,0,0.0,0.0,0.0
2015-06-29 00:00:00-04:00,22.34454345703125,22.34454345703125,22.34454345703125,22.34454345703125,0,0.0,0.0,0.0
2015-06-30 00:00:00-04:00,21.153047561645508,21.153047561645508,21.153047561645508,21.153047561645508,200,0.0,0.0,0.0
2015-07-01 00:00:00-04:00,21.153047561645508,21.153047561645508,21.153047561645508,21.153047561645508,0,0.0,0.0,0.0
2015-07-02 00:00:00-04:00,21.153047561645508,21.153047561645508,21.153047561645508,21.153047561645508,0,0.0,0.0,0.0
2015-07-06 00:00:00-04:00,21.033893585205078,21.033893585205078,21.033893585205078,21.033893585205078,0,0.0,0.0,0.0
2015-07-07 00:00:00-04:00,21.033893585205078,21.033893585205078,21.033893585205078,21.033893585205078,0,0.0,0.0,0.0
2015-07-08 00:00:00-04:00,21.033893585205078,21.033893585205078,21.033893585205078,21.033893585205078,0,0.0,0.0,0.0
2015-07-09 00:00:00-04:00,21.033893585205078,21.033893585205078,21.033893585205078,21.033893585205078,0,0.0,0.0,0.0
2015-07-10 00:00:00-04:00,21.22453498840332,21.22453498840332,21.22453498840332,21.22453498840332,100,0.0,0.0,0.0
2015-07-13 00:00:00-04:00,21.22453498840332,21.22453498840332,21.22453498840332,21.22453498840332,0,0.0,0.0,0.0
2015-07-14 00:00:00-04:00,21.22453498840332,21.22453498840332,21.22453498840332,21.22453498840332,0,0.0,0.0,0.0
2015-07-15 00:00:00-04:00,21.558157921792326,21.558157921792326,21.532739639282227,21.532739639282227,200,0.0,0.0,0.0
2015-07-16 00:00:00-04:00,21.532739639282227,21.532739639282227,21.532739639282227,21.532739639282227,0,0.0,0.0,0.0
2015-07-17 00:00:00-04:00,21.532739639282227,21.532739639282227,21.532739639282227,21.532739639282227,0,0.0,0.0,0.0
2015-07-20 00:00:00-04:00,21.532739639282227,21.532739639282227,21.532739639282227,21.532739639282227,0,0.0,0.0,0.0
2015-07-21 00:00:00-04:00,21.532739639282227,21.532739639282227,21.532739639282227,21.532739639282227,0,0.0,0.0,0.0
2015-07-22 00:00:00-04:00,21.446956026320706,21.446956026320706,21.430275133245694,21.43901252746582,1200,0.0,0.0,0.0
2015-07-23 00:00:00-04:00,21.43901252746582,21.43901252746582,21.43901252746582,21.43901252746582,0,0.0,0.0,0.0
2015-07-24 00:00:00-04:00,21.43901252746582,21.43901252746582,21.43901252746582,21.43901252746582,0,0.0,0.0,0.0
2015-07-27 00:00:00-04:00,21.43901252746582,21.43901252746582,21.43901252746582,21.43901252746582,0,0.0,0.0,0.0
2015-07-28 00:00:00-04:00,21.20070457458496,21.20070457458496,21.20070457458496,21.20070457458496,200,0.0,0.0,0.0
2015-07-29 00:00:00-04:00,21.20070457458496,21.20070457458496,21.20070457458496,21.20070457458496,0,0.0,0.0,0.0
2015-07-30 00:00:00-04:00,21.20070457458496,21.20070457458496,21.20070457458496,21.20070457458496,0,0.0,0.0,0.0
2015-07-31 00:00:00-04:00,21.499374389648438,21.499374389648438,21.499374389648438,21.499374389648438,100,0.0,0.0,0.0
2015-08-03 00:00:00-04:00,21.499374389648438,21.499374389648438,21.499374389648438,21.499374389648438,0,0.0,0.0,0.0
2015-08-04 00:00:00-04:00,21.499374389648438,21.499374389648438,21.499374389648438,21.499374389648438,0,0.0,0.0,0.0
2015-08-05 00:00:00-04:00,21.499374389648438,21.499374389648438,21.499374389648438,21.499374389648438,0,0.0,0.0,0.0
2015-08-06 00:00:00-04:00,21.49143409729004,21.49143409729004,21.49143409729004,21.49143409729004,100,0.0,0.0,0.0
2015-08-07 00:00:00-04:00,21.423118591308594,21.423118591308594,21.423118591308594,21.423118591308594,100,0.0,0.0,0.0
2015-08-10 00:00:00-04:00,21.724966049194336,21.724966049194336,21.724966049194336,21.724966049194336,800,0.0,0.0,0.0
2015-08-11 00:00:00-04:00,21.454893875417103,21.454893875417103,21.415176391601562,21.415176391601562,1100,0.0,0.0,0.0
2015-08-12 00:00:00-04:00,21.415176391601562,21.415176391601562,21.415176391601562,21.415176391601562,0,0.0,0.0,0.0
2015-08-13 00:00:00-04:00,21.415176391601562,21.415176391601562,21.415176391601562,21.415176391601562,0,0.0,0.0,0.0
2015-08-14 00:00:00-04:00,21.415176391601562,21.415176391601562,21.415176391601562,21.415176391601562,0,0.0,0.0,0.0
2015-08-17 00:00:00-04:00,21.415176391601562,21.415176391601562,21.415176391601562,21.415176391601562,0,0.0,0.0,0.0
2015-08-18 00:00:00-04:00,21.07361663755301,21.081560134887695,21.07361663755301,21.081560134887695,600,0.0,0.0,0.0
2015-08-19 00:00:00-04:00,21.081560134887695,21.081560134887695,21.081560134887695,21.081560134887695,0,0.0,0.0,0.0
2015-08-20 00:00:00-04:00,21.081560134887695,21.081560134887695,21.081560134887695,21.081560134887695,0,0.0,0.0,0.0
2015-08-21 00:00:00-04:00,21.081560134887695,21.081560134887695,21.081560134887695,21.081560134887695,0,0.0,0.0,0.0
2015-08-24 00:00:00-04:00,21.081560134887695,21.081560134887695,21.081560134887695,21.081560134887695,0,0.0,0.0,0.0
2015-08-25 00:00:00-04:00,19.874175431116047,20.035424030231294,19.78679847717285,19.78679847717285,2000,0.0,0.0,0.0
2015-08-26 00:00:00-04:00,19.51672400760593,19.51672400760593,19.51116371154785,19.51116371154785,4600,0.0,0.0,0.0
2015-08-27 00:00:00-04:00,20.026683807373047,20.026683807373047,20.026683807373047,20.026683807373047,800,0.0,0.0,0.0
2015-08-28 00:00:00-04:00,19.92818832397461,19.92818832397461,19.92818832397461,19.92818832397461,100,0.0,0.0,0.0
2015-08-31 00:00:00-04:00,19.866230289109968,19.929776746243558,19.818570825026537,19.828102111816406,6600,0.0,0.0,0.0
2015-09-01 00:00:00-04:00,19.381690979003906,19.381690979003906,19.381690979003906,19.381690979003906,200,0.0,0.0,0.0
2015-09-02 00:00:00-04:00,19.381690979003906,19.381690979003906,19.381690979003906,19.381690979003906,0,0.0,0.0,0.0
2015-09-03 00:00:00-04:00,19.715307717134934,19.78679767381005,19.60410179122569,19.612045288085938,3900,0.0,0.0,0.0
2015-09-04 00:00:00-04:00,19.35785948591579,19.37374496459961,19.35785948591579,19.37374496459961,400,0.0,0.0,0.0
2015-09-08 00:00:00-04:00,19.37374496459961,19.37374496459961,19.37374496459961,19.37374496459961,0,0.0,0.0,0.0
2015-09-09 00:00:00-04:00,19.37374496459961,19.37374496459961,19.37374496459961,19.37374496459961,0,0.0,0.0,0.0
2015-09-10 00:00:00-04:00,19.37374496459961,19.37374496459961,19.37374496459961,19.37374496459961,0,0.0,0.0,0.0
2015-09-11 00:00:00-04:00,19.37374496459961,19.37374496459961,19.37374496459961,19.37374496459961,0,0.0,0.0,0.0
2015-09-14 00:00:00-04:00,19.691478729248047,19.691478729248047,19.691478729248047,19.691478729248047,5500,0.0,0.0,0.0
2015-09-15 00:00:00-04:00,19.691478729248047,19.691478729248047,19.691478729248047,19.691478729248047,100,0.0,0.0,0.0
2015-09-16 00:00:00-04:00,19.691478729248047,19.691478729248047,19.691478729248047,19.691478729248047,0,0.0,0.0,0.0
2015-09-17 00:00:00-04:00,19.691478729248047,19.691478729248047,19.691478729248047,19.691478729248047,0,0.0,0.0,0.0
2015-09-18 00:00:00-04:00,19.691478729248047,19.691478729248047,19.691478729248047,19.691478729248047,0,0.0,0.0,0.0
2015-09-21 00:00:00-04:00,19.691478729248047,19.691478729248047,19.691478729248047,19.691478729248047,0,0.0,0.0,0.0
2015-09-22 00:00:00-04:00,19.691478729248047,19.691478729248047,19.691478729248047,19.691478729248047,0,0.0,0.0,0.0
2015-09-23 00:00:00-04:00,19.691478729248047,19.691478729248047,19.691478729248047,19.691478729248047,0,0.0,0.0,0.0
2015-09-24 00:00:00-04:00,19.691478729248047,19.691478729248047,19.691478729248047,19.691478729248047,0,0.0,0.0,0.0
2015-09-25 00:00:00-04:00,19.691478729248047,19.691478729248047,19.691478729248047,19.691478729248047,0,0.0,0.0,0.0
2015-09-28 00:00:00-04:00,19.691478729248047,19.691478729248047,19.691478729248047,19.691478729248047,0,0.0,0.0,0.0
2015-09-29 00:00:00-04:00,19.00040633784766,19.024236824254892,18.96545526079709,18.97657585144043,37000,0.0,0.0,0.0
2015-09-30 00:00:00-04:00,19.15927505493164,19.15927505493164,19.15927505493164,19.15927505493164,1300,0.0,0.0,0.0
2015-10-01 00:00:00-04:00,19.15927505493164,19.15927505493164,19.15927505493164,19.15927505493164,0,0.0,0.0,0.0
2015-10-02 00:00:00-04:00,19.683534622192383,19.683534622192383,19.683534622192383,19.683534622192383,100,0.0,0.0,0.0
2015-10-05 00:00:00-04:00,19.683534622192383,19.683534622192383,19.683534622192383,19.683534622192383,0,0.0,0.0,0.0
2015-10-06 00:00:00-04:00,20.215732032571843,20.215732032571843,20.183958053588867,20.183958053588867,700,0.0,0.0,0.0
2015-10-07 00:00:00-04:00,20.3952579498291,20.3952579498291,20.3952579498291,20.3952579498291,200,0.0,0.0,0.0
2015-10-08 00:00:00-04:00,20.4063777923584,20.4063777923584,20.4063777923584,20.4063777923584,500,0.0,0.0,0.0
2015-10-09 00:00:00-04:00,20.4063777923584,20.4063777923584,20.4063777923584,20.4063777923584,0,0.0,0.0,0.0
2015-10-12 00:00:00-04:00,20.4063777923584,20.4063777923584,20.4063777923584,20.4063777923584,0,0.0,0.0,0.0
2015-10-13 00:00:00-04:00,20.27133560180664,20.27133560180664,20.27133560180664,20.27133560180664,2700,0.0,0.0,0.0
2015-10-14 00:00:00-04:00,20.27133560180664,20.27133560180664,20.27133560180664,20.27133560180664,0,0.0,0.0,0.0
2015-10-15 00:00:00-04:00,20.27133560180664,20.27133560180664,20.27133560180664,20.27133560180664,0,0.0,0.0,0.0
2015-10-16 00:00:00-04:00,20.27133560180664,20.27133560180664,20.27133560180664,20.27133560180664,0,0.0,0.0,0.0
2015-10-19 00:00:00-04:00,20.684392404151772,20.684392404151772,20.573184967041016,20.573184967041016,1000,0.0,0.0,0.0
2015-10-20 00:00:00-04:00,20.574778696187245,20.581132888793945,20.555714603299755,20.581132888793945,1300,0.0,0.0,0.0
2015-10-21 00:00:00-04:00,20.604958963041824,20.61290245962968,20.493751525878906,20.493751525878906,10900,0.0,0.0,0.0
2015-10-22 00:00:00-04:00,20.7868595123291,20.7868595123291,20.7868595123291,20.7868595123291,600,0.0,0.0,0.0
2015-10-23 00:00:00-04:00,20.875034391632845,20.93063735961914,20.875034391632845,20.93063735961914,50200,0.0,0.0,0.0
2015-10-26 00:00:00-04:00,20.86629542441618,20.87503433227539,20.86629542441618,20.87503433227539,400,0.0,0.0,0.0
2015-10-27 00:00:00-04:00,20.708222732943398,20.708222732943398,20.700279235839844,20.700279235839844,300,0.0,0.0,0.0
2015-10-28 00:00:00-04:00,20.8591429121663,20.94651985168457,20.8591429121663,20.94651985168457,1400,0.0,0.0,0.0
2015-10-29 00:00:00-04:00,20.673267364501953,20.673267364501953,20.673267364501953,20.673267364501953,500,0.0,0.0,0.0
2015-10-30 00:00:00-04:00,20.72887612842607,20.79559968601533,20.700279235839844,20.700279235839844,1100,0.0,0.0,0.0
2015-11-02 00:00:00-05:00,20.700279235839844,20.700279235839844,20.700279235839844,20.700279235839844,0,0.0,0.0,0.0
2015-11-03 00:00:00-05:00,20.787657719085527,20.84326068783616,20.787657719085527,20.841672897338867,600,0.0,0.0,0.0
2015-11-04 00:00:00-05:00,21.041837692260742,21.041837692260742,21.041837692260742,21.041837692260742,200,0.0,0.0,0.0
2015-11-05 00:00:00-05:00,20.769384384155273,20.769384384155273,20.769384384155273,20.769384384155273,300,0.0,0.0,0.0
2015-11-06 00:00:00-05:00,20.589071826741602,20.589071826741602,20.461978912353516,20.461978912353516,600,0.0,0.0,0.0
2015-11-09 00:00:00-05:00,20.311058044433594,20.311058044433594,20.311058044433594,20.311058044433594,900,0.0,0.0,0.0
2015-11-10 00:00:00-05:00,20.290407180786133,20.290407180786133,20.290407180786133,20.290407180786133,500,0.0,0.0,0.0
2015-11-11 00:00:00-05:00,20.290407180786133,20.290407180786133,20.290407180786133,20.290407180786133,0,0.0,0.0,0.0
2015-11-12 00:00:00-05:00,20.27133826874513,20.27133826874513,20.23162078857422,20.23162078857422,1700,0.0,0.0,0.0
2015-11-13 00:00:00-05:00,20.23162078857422,20.23162078857422,20.23162078857422,20.23162078857422,0,0.0,0.0,0.0
2015-11-16 00:00:00-05:00,20.183960773267707,20.19587525945838,20.17601727745162,20.1776065826416,12200,0.0,0.0,0.0
2015-11-17 00:00:00-05:00,20.36665833556014,20.36665833556014,20.350772857666016,20.350772857666016,700,0.0,0.0,0.0
2015-11-18 00:00:00-05:00,20.350772857666016,20.350772857666016,20.350772857666016,20.350772857666016,0,0.0,0.0,0.0
2015-11-19 00:00:00-05:00,20.585893630981445,20.585893630981445,20.585893630981445,20.585893630981445,200,0.0,0.0,0.0
2015-11-20 00:00:00-05:00,20.612899962906294,20.644672430342236,20.573182484777767,20.593040466308594,6600,0.0,0.0,0.0
2015-11-23 00:00:00-05:00,20.522347052734506,20.522347052734506,20.35077178002714,20.366657257080078,5200,0.0,0.0,0.0
2015-11-24 00:00:00-05:00,20.366657257080078,20.366657257080078,20.366657257080078,20.366657257080078,0,0.0,0.0,0.0
2015-11-25 00:00:00-05:00,20.5096435546875,20.5096435546875,20.5096435546875,20.5096435546875,300,0.0,0.0,0.0
2015-11-27 00:00:00-05:00,20.501693725585938,20.501693725585938,20.501693725585938,20.501693725585938,100,0.0,0.0,0.0
2015-11-30 00:00:00-05:00,20.50567256295212,20.5096435546875,20.501700056149314,20.5096435546875,1300,0.0,0.0,0.0
2015-12-01 00:00:00-05:00,20.628787301263355,20.72410774230957,20.628787301263355,20.72410774230957,2500,0.0,0.0,0.0
2015-12-02 00:00:00-05:00,20.72410774230957,20.72410774230957,20.72410774230957,20.72410774230957,0,0.0,0.0,0.0
2015-12-03 00:00:00-05:00,20.72410774230957,20.72410774230957,20.72410774230957,20.72410774230957,0,0.0,0.0,0.0
2015-12-04 00:00:00-05:00,20.72410774230957,20.72410774230957,20.72410774230957,20.72410774230957,0,0.0,0.0,0.0
2015-12-07 00:00:00-05:00,20.72410774230957,20.72410774230957,20.72410774230957,20.72410774230957,0,0.0,0.0,0.0
2015-12-08 00:00:00-05:00,20.144245976981658,20.16807495074433,20.144245976981658,20.160131454467773,700,0.0,0.0,0.0
2015-12-09 00:00:00-05:00,20.160131454467773,20.160131454467773,20.160131454467773,20.160131454467773,0,0.0,0.0,0.0
2015-12-10 00:00:00-05:00,20.133125852427092,20.136302947998047,20.133125852427092,20.136302947998047,3200,0.0,0.0,0.0
2015-12-11 00:00:00-05:00,20.136302947998047,20.136302947998047,20.136302947998047,20.136302947998047,0,0.0,0.0,0.0
2015-12-14 00:00:00-05:00,20.136302947998047,20.136302947998047,20.136302947998047,20.136302947998047,0,0.0,0.0,0.0
2015-12-15 00:00:00-05:00,19.850340496817417,19.890057973841962,19.699417114257812,19.699417114257812,5600,0.0,0.0,0.0
2015-12-16 00:00:00-05:00,19.991734277305756,20.08864402770996,19.991734277305756,20.08864402770996,800,0.0,0.0,0.0
2015-12-17 00:00:00-05:00,20.08864402770996,20.08864402770996,20.08864402770996,20.08864402770996,0,0.0,0.0,0.0
2015-12-18 00:00:00-05:00,19.80268288179715,19.818569874085014,19.69147696591605,19.723249435424805,1300,0.0,0.0,0.0
2015-12-21 00:00:00-05:00,19.847946166992188,19.847946166992188,19.847946166992188,19.847946166992188,0,0.156,0.0,0.0
2015-12-22 00:00:00-05:00,19.819971084594727,19.819971084594727,19.819971084594727,19.819971084594727,900,0.0,0.0,0.0
2015-12-23 00:00:00-05:00,20.15011011973621,20.247631072998047,20.15011011973621,20.247631072998047,500,0.0,0.0,0.0
2015-12-24 00:00:00-05:00,20.247631072998047,20.247631072998047,20.247631072998047,20.247631072998047,0,0.0,0.0,0.0
2015-12-28 00:00:00-05:00,20.111739377146232,20.159700173216162,20.111739377146232,20.142913818359375,8400,0.0,0.0,0.0
2015-12-29 00:00:00-05:00,20.38751407314979,20.415492853437982,20.374725341796875,20.374725341796875,24200,0.0,0.0,0.0
2015-12-30 00:00:00-05:00,20.343545397049137,20.399499893188477,20.28439219429126,20.399499893188477,7100,0.0,0.0,0.0
2015-12-31 00:00:00-05:00,20.15969653786399,20.21565256860907,20.15969653786399,20.175683975219727,1200,0.0,0.0,0.0
2016-01-04 00:00:00-05:00,19.76801358924857,19.9918331396353,19.584162632491232,19.688077926635742,3600,0.0,0.0,0.0
2016-01-05 00:00:00-05:00,19.620132409663878,20.319566746803552,19.552186566954465,20.311573028564453,24700,0.0,0.0,0.0
2016-01-06 00:00:00-05:00,19.384325069362784,19.388321166574077,19.336364279597205,19.368337631225586,2000,0.0,0.0,0.0
2016-01-07 00:00:00-05:00,19.16850007786566,19.360344770075244,18.80879185171497,19.04859733581543,7700,0.0,0.0,0.0
2016-01-08 00:00:00-05:00,18.984648919526645,18.984648919526645,18.80079794853681,18.83277130126953,5500,0.0,0.0,0.0
2016-01-11 00:00:00-05:00,19.17649363148231,19.17649363148231,18.75283565361209,18.824777603149414,12500,0.0,0.0,0.0
2016-01-12 00:00:00-05:00,19.06458831158287,19.06458831158287,18.792807899369556,18.8807373046875,37200,0.0,0.0,0.0
2016-01-13 00:00:00-05:00,19.08057164028051,19.232447730813238,18.992642253917115,19.12053871154785,14900,0.0,0.0,0.0
2016-01-14 00:00:00-05:00,18.632933073704958,19.568176901130478,18.632933073704958,19.04859733581543,97000,0.0,0.0,0.0
2016-01-15 00:00:00-05:00,18.50503264493312,18.744839602267387,18.385129928588867,18.385129928588867,6000,0.0,0.0,0.0
2016-01-19 00:00:00-05:00,18.433098029521254,18.86474980933364,18.433098029521254,18.632936477661133,21600,0.0,0.0,0.0
2016-01-20 00:00:00-05:00,18.28121578825064,18.51622470004707,18.081377406993465,18.233253479003906,12300,0.0,0.0,0.0
2016-01-21 00:00:00-05:00,18.17730296989723,18.808793125243465,18.121348454794894,18.441089630126953,30900,0.0,0.0,0.0
2016-01-22 00:00:00-05:00,19.080572588693126,19.09655850320703,18.465868817411618,18.768823623657227,8800,0.0,0.0,0.0
2016-01-25 00:00:00-05:00,18.776814617577337,18.848756558708143,18.64092445373535,18.64092445373535,3600,0.0,0.0,0.0
2016-01-26 00:00:00-05:00,18.936689376831055,18.936689376831055,18.936689376831055,18.936689376831055,200,0.0,0.0,0.0
2016-01-27 00:00:00-05:00,18.992643423024315,18.992643423024315,18.602558135986328,18.602558135986328,2000,0.0,0.0,0.0
2016-01-28 00:00:00-05:00,18.816789316796807,19.056594848632812,18.704878747246468,19.056594848632812,3700,0.0,0.0,0.0
2016-01-29 00:00:00-05:00,19.072576328305292,19.29639434814453,18.93668616284036,19.29639434814453,1900,0.0,0.0,0.0
2016-02-01 00:00:00-05:00,18.87273918497893,19.42029597991236,18.688886696288993,19.392318725585938,21900,0.0,0.0,0.0
2016-02-02 00:00:00-05:00,18.960668319639105,18.960668319639105,18.768823623657227,18.768823623657227,3000,0.0,0.0,0.0
2016-02-03 00:00:00-05:00,18.768823623657227,18.768823623657227,18.768823623657227,18.768823623657227,0,0.0,0.0,0.0
2016-02-04 00:00:00-05:00,18.90471293010661,19.0965576171875,18.86474585870702,19.0965576171875,1100,0.0,0.0,0.0
2016-02-05 00:00:00-05:00,18.57777755535061,18.61534788433186,18.57777755535061,18.592966079711914,1000,0.0,0.0,0.0
2016-02-08 00:00:00-05:00,18.25643376483367,18.25643376483367,18.220462799072266,18.220462799072266,3400,0.0,0.0,0.0
2016-02-09 00:00:00-05:00,17.961475372314453,17.961475372314453,17.961475372314453,17.961475372314453,800,0.0,0.0,0.0
2016-02-10 00:00:00-05:00,18.273225784301758,18.273225784301758,18.273225784301758,18.273225784301758,800,0.0,0.0,0.0
2016-02-11 00:00:00-05:00,18.09736243951334,18.129337310791016,17.997443253739267,18.129337310791016,1000,0.0,0.0,0.0
2016-02-12 00:00:00-05:00,18.449079513549805,18.449079513549805,18.449079513549805,18.449079513549805,700,0.0,0.0,0.0
2016-02-16 00:00:00-05:00,18.449079513549805,18.449079513549805,18.449079513549805,18.449079513549805,0,0.0,0.0,0.0
2016-02-17 00:00:00-05:00,18.878332250672347,19.000633239746094,18.878332250672347,19.000633239746094,300,0.0,0.0,0.0
2016-02-18 00:00:00-05:00,19.07257840890877,19.144520358746846,19.07257840890877,19.0805721282959,15500,0.0,0.0,0.0
2016-02-19 00:00:00-05:00,19.128534145816023,19.128534145816023,18.912708282470703,18.912708282470703,300,0.0,0.0,0.0
2016-02-22 00:00:00-05:00,19.29639434814453,19.29639434814453,19.140520648714798,19.29639434814453,1500,0.0,0.0,0.0
2016-02-23 00:00:00-05:00,19.04859595623585,19.05579076058914,18.72885482571021,18.99264144897461,8900,0.0,0.0,0.0
2016-02-24 00:00:00-05:00,18.512231139428124,19.072578208000717,18.507434602917158,19.0557918548584,19400,0.0,0.0,0.0
2016-02-25 00:00:00-05:00,19.040599822998047,19.040599822998047,19.040599822998047,19.040599822998047,800,0.0,0.0,0.0
2016-02-26 00:00:00-05:00,19.26042449506927,19.28040955483996,19.160505294799805,19.160505294799805,2000,0.0,0.0,0.0
2016-02-29 00:00:00-05:00,19.225259324140286,19.225259324140286,18.93589210510254,18.93589210510254,700,0.0,0.0,0.0
2016-03-01 00:00:00-05:00,19.53619759021008,19.662494659423828,19.352345148845973,19.662494659423828,8000,0.0,0.0,0.0
2016-03-02 00:00:00-05:00,19.25642967224121,19.26442339174929,19.25642967224121,19.25642967224121,2200,0.0,0.0,0.0
2016-03-03 00:00:00-05:00,19.688081812436064,19.764021392996984,19.604150036217813,19.635324478149414,8500,0.0,0.0,0.0
2016-03-04 00:00:00-05:00,19.927887048738157,19.983841561166045,19.768015706390383,19.895912170410156,13200,0.0,0.0,0.0
2016-03-07 00:00:00-05:00,19.664100178784114,19.81597779983268,19.58416450851402,19.696073532104492,9300,0.0,0.0,0.0
2016-03-08 00:00:00-05:00,19.568174949941685,19.704065117287637,19.488239288330078,19.488239288330078,3100,0.0,0.0,0.0
2016-03-09 00:00:00-05:00,19.712057054298015,19.78639725861717,19.568173181330824,19.736038208007812,7700,0.0,0.0,0.0
2016-03-10 00:00:00-05:00,19.564981058290257,19.676091173979103,19.392320975940805,19.669696807861328,6400,0.0,0.0,0.0
2016-03-11 00:00:00-05:00,19.783998990781612,19.863934645168474,19.736038208007812,19.736038208007812,6000,0.0,0.0,0.0
2016-03-14 00:00:00-04:00,19.680082104607152,19.983835736964924,19.680082104607152,19.927881240844727,24300,0.0,0.0,0.0
2016-03-15 00:00:00-04:00,19.59055671238823,19.71205879581907,19.59055671238823,19.66649627685547,6400,0.0,0.0,0.0
2016-03-16 00:00:00-04:00,19.624131237259864,19.967853546142578,19.54019947103857,19.967853546142578,15100,0.0,0.0,0.0
2016-03-17 00:00:00-04:00,20.119728108396032,20.119728108396032,20.103740672121546,20.11173439025879,1200,0.0,0.0,0.0
2016-03-18 00:00:00-04:00,20.03100421650816,20.031803131103516,20.01581721596549,20.031803131103516,1600,0.0,0.0,0.0
2016-03-21 00:00:00-04:00,19.887915875835276,20.00941795831638,19.887915875835276,20.00782012939453,1000,0.0,0.0,0.0
2016-03-22 00:00:00-04:00,19.871930105802573,20.30358023791326,19.871930105802573,19.95186424255371,6700,0.0,0.0,0.0
2016-03-23 00:00:00-04:00,19.799989254884494,19.799989254884494,19.706464419167258,19.766416549682617,2600,0.0,0.0,0.0
2016-03-24 00:00:00-04:00,19.766416549682617,19.766416549682617,19.766416549682617,19.766416549682617,0,0.0,0.0,0.0
2016-03-28 00:00:00-04:00,19.73604149220902,20.07976379601802,19.73604149220902,19.791996002197266,12100,0.0,0.0,0.0
2016-03-29 00:00:00-04:00,19.73524265764406,20.039796829223633,19.73524265764406,20.039796829223633,1900,0.0,0.0,0.0
2016-03-30 00:00:00-04:00,20.198863326056806,20.215651201397105,20.11173439025879,20.11173439025879,1900,0.0,0.0,0.0
2016-03-31 00:00:00-04:00,20.183679580688477,20.183679580688477,20.152505142182733,20.183679580688477,2000,0.0,0.0,0.0
2016-04-01 00:00:00-04:00,19.830366134643555,19.830366134643555,19.830366134643555,19.830366134643555,200,0.0,0.0,0.0
2016-04-04 00:00:00-04:00,19.871929168701172,19.871929168701172,19.871929168701172,19.871929168701172,9000,0.0,0.0,0.0
2016-04-05 00:00:00-04:00,19.607341782898388,19.608142221959188,19.50422541147178,19.570571899414062,1400,0.0,0.0,0.0
2016-04-06 00:00:00-04:00,19.568178213034813,19.73524284362793,19.568178213034813,19.73524284362793,1200,0.0,0.0,0.0
2016-04-07 00:00:00-04:00,19.73524284362793,19.73524284362793,19.73524284362793,19.73524284362793,0,0.0,0.0,0.0
2016-04-08 00:00:00-04:00,20.007819905444205,20.03979325462845,19.99103355407715,19.99103355407715,500,0.0,0.0,0.0
2016-04-11 00:00:00-04:00,20.079760589178427,20.079760589178427,20.04938507080078,20.04938507080078,400,0.0,0.0,0.0
2016-04-12 00:00:00-04:00,20.04778480529785,20.04778480529785,20.04778480529785,20.04778480529785,100,0.0,0.0,0.0
2016-04-13 00:00:00-04:00,20.04778480529785,20.04778480529785,20.04778480529785,20.04778480529785,0,0.0,0.0,0.0
2016-04-14 00:00:00-04:00,20.04778480529785,20.04778480529785,20.04778480529785,20.04778480529785,0,0.0,0.0,0.0
2016-04-15 00:00:00-04:00,20.455459595628867,20.503420386720133,20.418689706613765,20.42668342590332,1700,0.0,0.0,0.0
2016-04-18 00:00:00-04:00,20.127726946735034,20.607339484455185,20.127726946735034,20.549785614013672,1200,0.0,0.0,0.0
2016-04-19 00:00:00-04:00,20.966244452365064,20.967043366821475,20.93426957835777,20.943063735961914,19700,0.0,0.0,0.0
2016-04-20 00:00:00-04:00,20.895100461624867,21.070959211265556,20.895100461624867,21.02299690246582,12100,0.0,0.0,0.0
2016-04-21 00:00:00-04:00,20.74562644958496,20.74562644958496,20.74562644958496,20.74562644958496,500,0.0,0.0,0.0
2016-04-22 00:00:00-04:00,20.743227131420223,20.743227131420223,20.69526481628418,20.69526481628418,800,0.0,0.0,0.0
2016-04-25 00:00:00-04:00,20.69526481628418,20.69526481628418,20.69526481628418,20.69526481628418,0,0.0,0.0,0.0
2016-04-26 00:00:00-04:00,20.69526481628418,20.69526481628418,20.69526481628418,20.69526481628418,0,0.0,0.0,0.0
2016-04-27 00:00:00-04:00,20.607336044311523,20.607336044311523,20.607336044311523,20.607336044311523,6800,0.0,0.0,0.0
2016-04-28 00:00:00-04:00,20.671279907226562,20.671279907226562,20.671279907226562,20.671279907226562,6900,0.0,0.0,0.0
2016-04-29 00:00:00-04:00,20.46345464398392,20.527402877807617,20.455460924175185,20.527402877807617,1600,0.0,0.0,0.0
2016-05-02 00:00:00-04:00,20.65210056223699,20.69526481628418,20.65210056223699,20.69526481628418,300,0.0,0.0,0.0
2016-05-03 00:00:00-04:00,20.351539552099318,20.375520706176758,20.351539552099318,20.375520706176758,7500,0.0,0.0,0.0
2016-05-04 00:00:00-04:00,20.375520706176758,20.375520706176758,20.375520706176758,20.375520706176758,0,0.0,0.0,0.0
2016-05-05 00:00:00-04:00,20.0557804107666,20.0557804107666,20.0557804107666,20.0557804107666,200,0.0,0.0,0.0
2016-05-06 00:00:00-04:00,20.062175750732422,20.062175750732422,20.062175750732422,20.062175750732422,400,0.0,0.0,0.0
2016-05-09 00:00:00-04:00,20.062175750732422,20.062175750732422,20.062175750732422,20.062175750732422,0,0.0,0.0,0.0
2016-05-10 00:00:00-04:00,20.287591332538632,20.375520706176758,20.287591332538632,20.375520706176758,6500,0.0,0.0,0.0
2016-05-11 00:00:00-04:00,20.31796923869174,20.335556030273438,20.231639208372684,20.335556030273438,2400,0.0,0.0,0.0
2016-05-12 00:00:00-04:00,20.279605865478516,20.279605865478516,20.279605865478516,20.279605865478516,100,0.0,0.0,0.0
2016-05-13 00:00:00-04:00,20.08775872493332,20.08775872493332,19.91989517211914,19.91989517211914,1100,0.0,0.0,0.0
2016-05-16 00:00:00-04:00,20.254823974327927,20.25562288893018,20.218852996826172,20.218852996826172,1900,0.0,0.0,0.0
2016-05-17 00:00:00-04:00,20.135717391967773,20.135717391967773,20.135717391967773,20.135717391967773,300,0.0,0.0,0.0
2016-05-18 00:00:00-04:00,20.15969635232772,20.35154102489313,19.95186424255371,19.95186424255371,2500,0.0,0.0,0.0
2016-05-19 00:00:00-04:00,19.895909124479324,19.895909124479324,19.84874725341797,19.84874725341797,200,0.0,0.0,0.0
2016-05-20 00:00:00-04:00,20.03260428780611,20.119733245851993,19.979846954345703,19.979846954345703,5100,0.0,0.0,0.0
2016-05-23 00:00:00-04:00,20.023806041842636,20.023806041842636,20.003822507798066,20.00782012939453,1500,0.0,0.0,0.0
2016-05-24 00:00:00-04:00,20.367528915405273,20.367528915405273,20.367528915405273,20.367528915405273,100,0.0,0.0,0.0
2016-05-25 00:00:00-04:00,20.527400991413007,20.527400991413007,20.439471606243504,20.519407272338867,15600,0.0,0.0,0.0
2016-05-26 00:00:00-04:00,20.519407272338867,20.519407272338867,20.519407272338867,20.519407272338867,0,0.0,0.0,0.0
2016-05-27 00:00:00-04:00,20.58335304260254,20.58335304260254,20.58335304260254,20.58335304260254,800,0.0,0.0,0.0
2016-05-31 00:00:00-04:00,20.49222704778576,20.511411666870117,20.49222704778576,20.511411666870117,300,0.0,0.0,0.0
2016-06-01 00:00:00-04:00,20.511411666870117,20.511411666870117,20.511411666870117,20.511411666870117,0,0.0,0.0,0.0
2016-06-02 00:00:00-04:00,20.38191649187501,20.3867130279541,20.367528408283658,20.3867130279541,1400,0.0,0.0,0.0
2016-06-03 00:00:00-04:00,20.566566467285156,20.566566467285156,20.566566467285156,20.566566467285156,200,0.0,0.0,0.0
2016-06-06 00:00:00-04:00,20.76561022941552,20.76561022941552,20.754419326782227,20.754419326782227,800,0.0,0.0,0.0
2016-06-07 00:00:00-04:00,20.861531901153114,20.90549659729004,20.861531901153114,20.90549659729004,500,0.0,0.0,0.0
2016-06-08 00:00:00-04:00,20.9270723357237,20.9270723357237,20.894298553466797,20.894298553466797,2000,0.0,0.0,0.0
2016-06-09 00:00:00-04:00,20.66488884832711,20.66488884832711,20.661691665649414,20.661691665649414,300,0.0,0.0,0.0
2016-06-10 00:00:00-04:00,20.143707275390625,20.143707275390625,20.143707275390625,20.143707275390625,900,0.0,0.0,0.0
2016-06-13 00:00:00-04:00,19.92628598726228,19.991833567429524,19.920690536499023,19.920690536499023,1100,0.0,0.0,0.0
2016-06-14 00:00:00-04:00,19.409103393554688,19.409103393554688,19.409103393554688,19.409103393554688,200,0.0,0.0,0.0
2016-06-15 00:00:00-04:00,19.74403576349892,19.74403576349892,19.72804832458496,19.72804832458496,1000,0.0,0.0,0.0
2016-06-16 00:00:00-04:00,19.72804832458496,19.72804832458496,19.72804832458496,19.72804832458496,0,0.0,0.0,0.0
2016-06-17 00:00:00-04:00,19.72804832458496,19.72804832458496,19.72804832458496,19.72804832458496,300,0.0,0.0,0.0
2016-06-20 00:00:00-04:00,20.3795223236084,20.3795223236084,20.3795223236084,20.3795223236084,500,0.0,0.0,0.0
2016-06-21 00:00:00-04:00,20.49542589253909,20.503419611526414,20.449863371421923,20.502620697021484,3900,0.0,0.0,0.0
2016-06-22 00:00:00-04:00,20.642737805100747,20.675322218412713,20.36576329991909,20.454557418823242,5500,0.481,0.0,0.0
2016-06-23 00:00:00-04:00,20.813810348510742,20.813810348510742,20.813810348510742,20.813810348510742,400,0.0,0.0,0.0
2016-06-24 00:00:00-04:00,19.697764485858773,19.697764485858773,19.34747314453125,19.34747314453125,700,0.0,0.0,0.0
2016-06-27 00:00:00-04:00,19.0623543110688,19.143817675765114,18.866843168068307,19.029769897460938,3100,0.0,0.0,0.0
2016-06-28 00:00:00-04:00,19.39472198486328,19.39472198486328,19.39472198486328,19.39472198486328,800,0.0,0.0,0.0
2016-06-29 00:00:00-04:00,19.88431612396241,19.901423289817334,19.88431612396241,19.89897918701172,1800,0.0,0.0,0.0
2016-06-30 00:00:00-04:00,20.170252670193253,20.170252670193253,20.137666702270508,20.137666702270508,700,0.0,0.0,0.0
2016-07-01 00:00:00-04:00,20.137666702270508,20.137666702270508,20.137666702270508,20.137666702270508,0,0.0,0.0,0.0
2016-07-05 00:00:00-04:00,20.137666702270508,20.137666702270508,20.137666702270508,20.137666702270508,0,0.0,0.0,0.0
2016-07-06 00:00:00-04:00,19.730348587036133,19.730348587036133,19.730348587036133,19.730348587036133,200,0.0,0.0,0.0
2016-07-07 00:00:00-04:00,19.868833775514677,19.87698026548362,19.673322677612305,19.673322677612305,5600,0.0,0.0,0.0
2016-07-08 00:00:00-04:00,19.958450110771743,19.966596603393555,19.958450110771743,19.966596603393555,300,0.0,0.0,0.0
2016-07-11 00:00:00-04:00,20.26801115899077,20.26801115899077,20.232982635498047,20.232982635498047,1100,0.0,0.0,0.0
2016-07-12 00:00:00-04:00,20.460256576538086,20.460256576538086,20.460256576538086,20.460256576538086,400,0.0,0.0,0.0
2016-07-13 00:00:00-04:00,20.47980977667546,20.47980977667546,20.455371856689453,20.455371856689453,900,0.0,0.0,0.0
2016-07-14 00:00:00-04:00,20.504252487806216,20.536836904193667,20.504252487806216,20.532764434814453,1200,0.0,0.0,0.0
2016-07-15 00:00:00-04:00,20.532764434814453,20.532764434814453,20.532764434814453,20.532764434814453,0,0.0,0.0,0.0
2016-07-18 00:00:00-04:00,20.532764434814453,20.532764434814453,20.532764434814453,20.532764434814453,0,0.0,0.0,0.0
2016-07-19 00:00:00-04:00,20.3437665188855,20.398347854614258,20.3437665188855,20.398347854614258,400,0.0,0.0,0.0
2016-07-20 00:00:00-04:00,20.54660987854004,20.54660987854004,20.54660987854004,20.54660987854004,700,0.0,0.0,0.0
2016-07-21 00:00:00-04:00,20.53683003641923,20.53683003641923,20.439075266162725,20.447221755981445,1100,0.0,0.0,0.0
2016-07-22 00:00:00-04:00,20.447221755981445,20.447221755981445,20.447221755981445,20.447221755981445,0,0.0,0.0,0.0
2016-07-25 00:00:00-04:00,20.447221755981445,20.447221755981445,20.447221755981445,20.447221755981445,0,0.0,0.0,0.0
2016-07-26 00:00:00-04:00,20.57756717517346,20.585713666848775,20.536834716796875,20.536834716796875,700,0.0,0.0,0.0
2016-07-27 00:00:00-04:00,20.789372898417433,20.789372898417433,20.52869135986924,20.679397583007812,21600,0.0,0.0,0.0
2016-07-28 00:00:00-04:00,20.691612243652344,20.691612243652344,20.691612243652344,20.691612243652344,3100,0.0,0.0,0.0
2016-07-29 00:00:00-04:00,20.861874477822695,20.862690214719315,20.82440185546875,20.82440185546875,1400,0.0,0.0,0.0
2016-08-01 00:00:00-04:00,20.813808687088283,20.813808687088283,20.731531143188477,20.731531143188477,600,0.0,0.0,0.0
2016-08-02 00:00:00-04:00,20.73234895745853,20.756786880524775,20.67043685913086,20.67043685913086,2300,0.0,0.0,0.0
2016-08-03 00:00:00-04:00,20.577568355601787,20.577568355601787,20.50425148010254,20.50425148010254,1400,0.0,0.0,0.0
2016-08-04 00:00:00-04:00,20.577569523021765,20.5987491607666,20.577569523021765,20.5987491607666,2100,0.0,0.0,0.0
2016-08-05 00:00:00-04:00,20.667177499179207,20.667177499179207,20.593860626220703,20.593860626220703,2900,0.0,0.0,0.0
2016-08-08 00:00:00-04:00,20.650885453173906,20.65903194540415,20.569422084655987,20.61829948425293,6500,0.0,0.0,0.0
2016-08-09 00:00:00-04:00,20.61829948425293,20.61829948425293,20.61829948425293,20.61829948425293,0,0.0,0.0,0.0
2016-08-10 00:00:00-04:00,20.61829948425293,20.61829948425293,20.61829948425293,20.61829948425293,0,0.0,0.0,0.0
2016-08-11 00:00:00-04:00,21.020724716101522,21.06634382217452,21.020724716101522,21.023983001708984,1400,0.0,0.0,0.0
2016-08-12 00:00:00-04:00,21.041904859658047,21.074490824091328,20.952295011250822,21.025611877441406,11500,0.0,0.0,0.0
2016-08-15 00:00:00-04:00,21.082639233018234,21.098932217917785,21.063903698789858,21.0899715423584,6300,0.0,0.0,0.0
2016-08-16 00:00:00-04:00,21.026425298362117,21.08263343938548,20.976732174209825,21.041902542114258,20400,0.0,0.0,0.0
2016-08-17 00:00:00-04:00,20.87898163094142,21.09893226623535,20.87898163094142,21.09893226623535,11600,0.0,0.0,0.0
2016-08-18 00:00:00-04:00,21.009319666098655,21.180391311645508,21.009319666098655,21.180391311645508,8900,0.0,0.0,0.0
2016-08-19 00:00:00-04:00,20.96858714064697,20.96858714064697,20.797515495682863,20.936002731323242,7400,0.0,0.0,0.0
2016-08-22 00:00:00-04:00,20.870836910147727,21.071234722581913,20.870836910147727,21.046796798706055,2800,0.0,0.0,0.0
2016-08-23 00:00:00-04:00,21.270003419933477,21.270003419933477,21.09567191648771,21.116037368774414,2200,0.0,0.0,0.0
2016-08-24 00:00:00-04:00,21.155950297500983,21.155950297500983,21.041902542114258,21.041902542114258,800,0.0,0.0,0.0
2016-08-25 00:00:00-04:00,21.05004931744757,21.05004931744757,20.895269108909,20.968585968017578,2600,0.0,0.0,0.0
2016-08-26 00:00:00-04:00,20.862686157226562,20.862686157226562,20.862686157226562,20.862686157226562,800,0.0,0.0,0.0
2016-08-29 00:00:00-04:00,20.862686157226562,20.862686157226562,20.862686157226562,20.862686157226562,0,0.0,0.0,0.0
2016-08-30 00:00:00-04:00,20.92785735392397,20.92785735392397,20.756784146074395,20.830101013183594,1900,0.0,0.0,0.0
2016-08-31 00:00:00-04:00,20.740494747800415,20.740494747800415,20.71605682373047,20.71605682373047,400,0.0,0.0,0.0
2016-09-01 00:00:00-04:00,20.878983831520124,20.878983831520124,20.78122901916504,20.78122901916504,400,0.0,0.0,0.0
2016-09-02 00:00:00-04:00,21.147808074951172,21.147808074951172,21.147808074951172,21.147808074951172,500,0.0,0.0,0.0
2016-09-06 00:00:00-04:00,21.12743860115949,21.253706870204223,21.12743860115949,21.225194931030273,1200,0.0,0.0,0.0
2016-09-07 00:00:00-04:00,21.35960927847367,21.35960927847367,21.214605472382285,21.310731887817383,3100,0.0,0.0,0.0
2016-09-08 00:00:00-04:00,21.36776029012484,21.38405327505222,21.207279205322266,21.207279205322266,700,0.0,0.0,0.0
2016-09-09 00:00:00-04:00,21.207279205322266,21.207279205322266,21.207279205322266,21.207279205322266,0,0.0,0.0,0.0
2016-09-12 00:00:00-04:00,20.805662155151367,20.805662155151367,20.805662155151367,20.805662155151367,200,0.0,0.0,0.0
2016-09-13 00:00:00-04:00,20.726642517358545,20.732344905464114,20.619925509220494,20.639476776123047,4200,0.0,0.0,0.0
2016-09-14 00:00:00-04:00,20.639476776123047,20.639476776123047,20.639476776123047,20.639476776123047,0,0.0,0.0,0.0
2016-09-15 00:00:00-04:00,20.483068466186523,20.483068466186523,20.483068466186523,20.483068466186523,500,0.0,0.0,0.0
2016-09-16 00:00:00-04:00,20.483068466186523,20.483068466186523,20.483068466186523,20.483068466186523,0,0.0,0.0,0.0
2016-09-19 00:00:00-04:00,20.483068466186523,20.483068466186523,20.483068466186523,20.483068466186523,0,0.0,0.0,0.0
2016-09-20 00:00:00-04:00,20.659031105475222,20.659031105475222,20.61178207397461,20.61178207397461,1100,0.0,0.0,0.0
2016-09-21 00:00:00-04:00,20.740491251363128,20.764930725097656,20.740491251363128,20.764930725097656,200,0.0,0.0,0.0
2016-09-22 00:00:00-04:00,21.302589610384242,21.302589610384242,21.025615085577158,21.17224884033203,1400,0.0,0.0,0.0
2016-09-23 00:00:00-04:00,21.1176674233524,21.1176674233524,20.976736068725586,20.976736068725586,900,0.0,0.0,0.0
2016-09-26 00:00:00-04:00,20.976736068725586,20.976736068725586,20.976736068725586,20.976736068725586,0,0.0,0.0,0.0
2016-09-27 00:00:00-04:00,20.569421768188477,20.569421768188477,20.569421768188477,20.569421768188477,200,0.0,0.0,0.0
2016-09-28 00:00:00-04:00,20.927858352661133,20.993028731670055,20.927858352661133,20.927858352661133,1000,0.0,0.0,0.0
2016-09-29 00:00:00-04:00,20.927858352661133,20.927858352661133,20.927858352661133,20.927858352661133,0,0.0,0.0,0.0
2016-09-30 00:00:00-04:00,20.8463961831559,21.100561141967773,20.8463961831559,21.100561141967773,500,0.0,0.0,0.0
2016-10-03 00:00:00-04:00,20.967775344848633,20.967775344848633,20.967775344848633,20.967775344848633,300,0.0,0.0,0.0
2016-10-04 00:00:00-04:00,21.001989364624023,21.001989364624023,21.001989364624023,21.001989364624023,200,0.0,0.0,0.0
2016-10-05 00:00:00-04:00,21.001989364624023,21.001989364624023,21.001989364624023,21.001989364624023,0,0.0,0.0,0.0
2016-10-06 00:00:00-04:00,20.973476048773552,20.973476048773552,20.846393585205078,20.846393585205078,600,0.0,0.0,0.0
2016-10-07 00:00:00-04:00,20.6386661529541,20.6386661529541,20.6386661529541,20.6386661529541,100,0.0,0.0,0.0
2016-10-10 00:00:00-04:00,20.773076322117674,20.793441772460938,20.773076322117674,20.793441772460938,400,0.0,0.0,0.0
2016-10-11 00:00:00-04:00,20.577565144043295,20.616667678711394,20.479808807373047,20.479808807373047,1100,0.0,0.0,0.0
2016-10-12 00:00:00-04:00,20.398346263861047,20.414637691226304,20.29488754272461,20.29488754272461,700,0.0,0.0,0.0
2016-10-13 00:00:00-04:00,20.40079116821289,20.40079116821289,20.40079116821289,20.40079116821289,400,0.0,0.0,0.0
2016-10-14 00:00:00-04:00,20.40079116821289,20.40079116821289,20.40079116821289,20.40079116821289,0,0.0,0.0,0.0
2016-10-17 00:00:00-04:00,20.292442321777344,20.292442321777344,20.292442321777344,20.292442321777344,200,0.0,0.0,0.0
2016-10-18 00:00:00-04:00,20.74863624572754,20.74863624572754,20.74863624572754,20.74863624572754,200,0.0,0.0,0.0
2016-10-19 00:00:00-04:00,20.413010742648254,20.528688430786133,20.413010742648254,20.528688430786133,300,0.0,0.0,0.0
2016-10-20 00:00:00-04:00,20.528688430786133,20.528688430786133,20.528688430786133,20.528688430786133,0,0.0,0.0,0.0
2016-10-21 00:00:00-04:00,20.328290496604627,20.48795738333393,20.26637840270996,20.26637840270996,2700,0.0,0.0,0.0
2016-10-24 00:00:00-04:00,20.26637840270996,20.26637840270996,20.26637840270996,20.26637840270996,0,0.0,0.0,0.0
2016-10-25 00:00:00-04:00,20.389383828539753,20.48388187521505,20.347023010253906,20.347023010253906,800,0.0,0.0,0.0
2016-10-26 00:00:00-04:00,20.32176971435547,20.32176971435547,20.32176971435547,20.32176971435547,200,0.0,0.0,0.0
2016-10-27 00:00:00-04:00,20.32176971435547,20.32176971435547,20.32176971435547,20.32176971435547,0,0.0,0.0,0.0
2016-10-28 00:00:00-04:00,20.105083053016426,20.28104293589702,20.105083053016426,20.121376037597656,900,0.0,0.0,0.0
2016-10-31 00:00:00-04:00,20.121376037597656,20.121376037597656,20.121376037597656,20.121376037597656,0,0.0,0.0,0.0
2016-11-01 00:00:00-04:00,20.043169021606445,20.043169021606445,20.043169021606445,20.043169021606445,100,0.0,0.0,0.0
2016-11-02 00:00:00-04:00,20.043169021606445,20.043169021606445,20.043169021606445,20.043169021606445,0,0.0,0.0,0.0
2016-11-03 00:00:00-04:00,19.982886528374948,20.064348334548495,19.982886528374948,19.994291305541992,900,0.0,0.0,0.0
2016-11-04 00:00:00-04:00,19.697768748031066,19.79715347290039,19.697768748031066,19.79715347290039,500,0.0,0.0,0.0
2016-11-07 00:00:00-05:00,19.81995923025128,19.836252212524414,19.81995923025128,19.836252212524414,300,0.0,0.0,0.0
2016-11-08 00:00:00-05:00,19.91771697998047,19.91771697998047,19.91771697998047,19.91771697998047,200,0.0,0.0,0.0
2016-11-09 00:00:00-05:00,19.92667931936728,20.122190475463867,19.92667931936728,20.122190475463867,800,0.0,0.0,0.0
2016-11-10 00:00:00-05:00,19.872093243995003,19.950298309326172,19.872093243995003,19.950298309326172,500,0.0,0.0,0.0
2016-11-11 00:00:00-05:00,19.821596736704866,19.821596736704866,19.62689971923828,19.62689971923828,1000,0.0,0.0,0.0
2016-11-14 00:00:00-05:00,19.475368011722676,19.665176727233334,19.46803725819834,19.55683135986328,2500,0.0,0.0,0.0
2016-11-15 00:00:00-05:00,19.844399616256794,19.844399616256794,19.531580868120912,19.738496780395508,4200,0.0,0.0,0.0
2016-11-16 00:00:00-05:00,19.738498164317836,19.746644656400214,19.69776725769043,19.69776725769043,7300,0.0,0.0,0.0
2016-11-17 00:00:00-05:00,19.868839470209117,19.885132454816805,19.73849870091667,19.860692977905273,3200,0.0,0.0,0.0
2016-11-18 00:00:00-05:00,19.591861724853516,19.67332508070961,19.485960449889586,19.591861724853516,2400,0.0,0.0,0.0
2016-11-21 00:00:00-05:00,19.591862892405285,19.603267669677734,19.591862892405285,19.603267669677734,1400,0.0,0.0,0.0
2016-11-22 00:00:00-05:00,19.885129751535526,19.885129751535526,19.583717346191406,19.583717346191406,3100,0.0,0.0,0.0
2016-11-23 00:00:00-05:00,19.691246994035968,19.75478744506836,19.68472886932132,19.75478744506836,1800,0.0,0.0,0.0
2016-11-25 00:00:00-05:00,19.811809539794922,19.811809539794922,19.811809539794922,19.811809539794922,100,0.0,0.0,0.0
2016-11-28 00:00:00-05:00,19.60815888212947,19.89327991144714,19.60815888212947,19.79715347290039,2700,0.0,0.0,0.0
2016-11-29 00:00:00-05:00,19.771894363600598,19.950298309326172,19.73034772842039,19.950298309326172,10100,0.0,0.0,0.0
2016-11-30 00:00:00-05:00,19.766196476342046,19.81670379638672,19.766196476342046,19.81670379638672,1000,0.0,0.0,0.0
2016-12-01 00:00:00-05:00,19.727092742919922,19.727092742919922,19.727092742919922,19.727092742919922,200,0.0,0.0,0.0
2016-12-02 00:00:00-05:00,19.803673827830703,19.803673827830703,19.62689971923828,19.62689971923828,700,0.0,0.0,0.0
2016-12-05 00:00:00-05:00,19.980439963959018,20.050498538118536,19.903864819016714,19.958444595336914,2400,0.0,0.0,0.0
2016-12-06 00:00:00-05:00,19.87046847671128,20.041540145874023,19.87046847671128,20.041540145874023,1000,0.0,0.0,0.0
2016-12-07 00:00:00-05:00,19.86883840655865,20.33317756652832,19.86883840655865,20.33317756652832,400,0.0,0.0,0.0
2016-12-08 00:00:00-05:00,19.952742210653025,20.268003463745117,19.952742210653025,20.268003463745117,3500,0.0,0.0,0.0
2016-12-09 00:00:00-05:00,20.080641270387225,20.166177098940242,20.080641270387225,20.112411499023438,2900,0.0,0.0,0.0
2016-12-12 00:00:00-05:00,20.091236114501953,20.091236114501953,20.091236114501953,20.091236114501953,400,0.0,0.0,0.0
2016-12-13 00:00:00-05:00,20.316886890197896,20.39835025811253,20.316886890197896,20.360876083374023,8500,0.0,0.0,0.0
2016-12-14 00:00:00-05:00,20.276153697011097,20.30873966451381,20.039911647754245,20.053760528564453,7600,0.0,0.0,0.0
2016-12-15 00:00:00-05:00,20.04805909617219,20.04805909617219,19.91771832751137,19.92586326599121,5100,0.0,0.0,0.0
2016-12-16 00:00:00-05:00,19.999177932739258,19.999177932739258,19.999177932739258,19.999177932739258,100,0.0,0.0,0.0
2016-12-19 00:00:00-05:00,20.015470915467667,20.064348309868546,19.999177932739258,19.999177932739258,3300,0.0,0.0,0.0
2016-12-20 00:00:00-05:00,20.015468188924643,20.055384903522675,19.999175208415693,20.031761169433594,11600,0.0,0.0,0.0
2016-12-21 00:00:00-05:00,20.050680367912936,20.05890478956256,20.026008671612093,20.03423309326172,4700,0.233,0.0,0.0
2016-12-22 00:00:00-05:00,20.042455473739803,20.07535158834005,20.01778221130371,20.01778221130371,5200,0.0,0.0,0.0
2016-12-23 00:00:00-05:00,20.067127367251544,20.076997299783365,20.042455673217773,20.042455673217773,19200,0.0,0.0,0.0
2016-12-27 00:00:00-05:00,20.09179874662025,20.09179874662025,20.035051345825195,20.035051345825195,6700,0.0,0.0,0.0
2016-12-28 00:00:00-05:00,20.050683946561538,20.050683946561538,19.96021842956543,19.96021842956543,4900,0.0,0.0,0.0
2016-12-29 00:00:00-05:00,20.07535306248398,20.083577483899937,20.050679798236118,20.08111000061035,5000,0.0,0.0,0.0
2016-12-30 00:00:00-05:00,20.248061676470922,20.248061676470922,20.141145772511663,20.149370193481445,1700,0.0,0.0,0.0
2017-01-03 00:00:00-05:00,20.190490788967008,20.198715209960938,20.165819094633125,20.198715209960938,1500,0.0,0.0,0.0
2017-01-04 00:00:00-05:00,20.2891809472358,20.396095275878906,20.280956526778972,20.396095275878906,12100,0.0,0.0,0.0
2017-01-05 00:00:00-05:00,20.453668968834084,20.618152694140075,20.453668968834084,20.585256576538086,5900,0.0,0.0,0.0
2017-01-06 00:00:00-05:00,20.519458635951487,20.52768148720824,20.494785376238124,20.503009796142578,3800,0.0,0.0,0.0
2017-01-09 00:00:00-05:00,20.470113954258082,20.494787216186523,20.453666681620298,20.494787216186523,4100,0.0,0.0,0.0
2017-01-10 00:00:00-05:00,20.576210165305877,20.577033705577797,20.551538467407227,20.551538467407227,1900,0.0,0.0,0.0
2017-01-11 00:00:00-05:00,20.449556678002704,20.490678787231445,20.449556678002704,20.490678787231445,900,0.0,0.0,0.0
2017-01-12 00:00:00-05:00,20.618152552609562,20.626376974115608,20.5712750755379,20.609928131103516,5300,0.0,0.0,0.0
2017-01-13 00:00:00-05:00,20.671607971191406,20.671607971191406,20.671607971191406,20.671607971191406,300,0.0,0.0,0.0
2017-01-17 00:00:00-05:00,20.67572423847714,20.67572423847714,20.651052539857748,20.659276962280273,1100,0.0,0.0,0.0
2017-01-18 00:00:00-05:00,20.60170370959747,20.642825817127704,20.58361092347297,20.609928131103516,2800,0.0,0.0,0.0
2017-01-19 00:00:00-05:00,20.535909859776126,20.535909859776126,20.51946258544922,20.51946258544922,1100,0.0,0.0,0.0
2017-01-20 00:00:00-05:00,20.585257071186984,20.585257071186984,20.560583805906596,20.57127571105957,4800,0.0,0.0,0.0
2017-01-23 00:00:00-05:00,20.56058159927419,20.65104866027832,20.55400269003138,20.65104866027832,2400,0.0,0.0,0.0
2017-01-24 00:00:00-05:00,20.609928383683542,20.68394660949707,20.609928383683542,20.68394660949707,2100,0.0,0.0,0.0
2017-01-25 00:00:00-05:00,20.81471293563567,20.897777557373047,20.811423480613605,20.897777557373047,5100,0.0,0.0,0.0
2017-01-26 00:00:00-05:00,20.822114944458008,20.822114944458008,20.822114944458008,20.822114944458008,200,0.0,0.0,0.0
2017-01-27 00:00:00-05:00,20.790863037109375,20.790863037109375,20.79003949687466,20.790863037109375,700,0.0,0.0,0.0
2017-01-30 00:00:00-05:00,20.577030302275528,20.67572021484375,20.577030302275528,20.67572021484375,6900,0.0,0.0,0.0
2017-01-31 00:00:00-05:00,20.757966178332328,20.757966178332328,20.683947947729884,20.753854751586914,20500,0.0,0.0,0.0
2017-02-01 00:00:00-05:00,20.83198356628418,20.83198356628418,20.733292073256937,20.83198356628418,3100,0.0,0.0,0.0
2017-02-02 00:00:00-05:00,20.74973857351202,20.74973857351202,20.634599818523405,20.65104866027832,6800,0.0,0.0,0.0
2017-02-03 00:00:00-05:00,20.790862971589476,20.790862971589476,20.782638549804688,20.782638549804688,2300,0.0,0.0,0.0
2017-02-06 00:00:00-05:00,20.642824039960253,20.642824039960253,20.609926356768266,20.626375198364258,1400,0.0,0.0,0.0
2017-02-07 00:00:00-05:00,20.651047704273513,20.671607971191406,20.651047704273513,20.671607971191406,2200,0.0,0.0,0.0
2017-02-08 00:00:00-05:00,20.70039380253142,20.757963180541992,20.692169381580207,20.757963180541992,1600,0.0,0.0,0.0
2017-02-09 00:00:00-05:00,20.82375901342932,20.843497311910554,20.79086289505931,20.815534591674805,4900,0.0,0.0,0.0
2017-02-10 00:00:00-05:00,20.82375749443121,20.91751401321593,20.82375749443121,20.9060001373291,3600,0.0,0.0,0.0
2017-02-13 00:00:00-05:00,21.07870840066454,21.07870840066454,20.938896377503173,20.96356964111328,3700,0.0,0.0,0.0
2017-02-14 00:00:00-05:00,20.9060001373291,20.9060001373291,20.822113551389055,20.9060001373291,10900,0.0,0.0,0.0
2017-02-15 00:00:00-05:00,20.86487769242503,20.947118759155273,20.86487769242503,20.947118759155273,1800,0.0,0.0,0.0
2017-02-16 00:00:00-05:00,21.00469377689794,21.021141052246094,20.988244932901686,21.021141052246094,3600,0.0,0.0,0.0
2017-02-17 00:00:00-05:00,21.02113947451666,21.07870885553461,20.996467779022097,21.0622615814209,5700,0.0,0.0,0.0
2017-02-21 00:00:00-05:00,21.021137637404433,21.070484161376953,21.021137637404433,21.070484161376953,2500,0.0,0.0,0.0
2017-02-22 00:00:00-05:00,21.037590157264503,21.054039001464844,21.01291689096399,21.054039001464844,2700,0.0,0.0,0.0
2017-02-23 00:00:00-05:00,21.193851676100586,21.193851676100586,21.136282288319304,21.154375076293945,2600,0.0,0.0,0.0
2017-02-24 00:00:00-05:00,20.980021469722107,21.021142012943912,20.980021469722107,21.000581741333008,3200,0.0,0.0,0.0
2017-02-27 00:00:00-05:00,20.980018417340872,21.029363375757477,20.914224616569413,20.955345153808594,16700,0.0,0.0,0.0
2017-02-28 00:00:00-05:00,20.99646725969572,21.04827970133035,20.922449037746837,20.955345153808594,7800,0.0,0.0,0.0
2017-03-01 00:00:00-05:00,21.05403927002292,21.184804916381836,21.05403927002292,21.184804916381836,6100,0.0,0.0,0.0
2017-03-02 00:00:00-05:00,21.095155189803634,21.10337961020649,21.05238914489746,21.05238914489746,3300,0.0,0.0,0.0
2017-03-03 00:00:00-05:00,21.08693306998178,21.103381912582055,21.05403695342919,21.07870864868164,5700,0.0,0.0,0.0
2017-03-06 00:00:00-05:00,21.095157623291016,21.119830887345834,21.070485927884178,21.095157623291016,3800,0.0,0.0,0.0
2017-03-07 00:00:00-05:00,21.021137304321744,21.062259406980594,20.99646561137426,21.029361724853516,3100,0.0,0.0,0.0
2017-03-08 00:00:00-05:00,21.01291848809342,21.029367333543988,20.971797943115234,20.971797943115234,5400,0.0,0.0,0.0
2017-03-09 00:00:00-05:00,21.029363706911813,21.04087758301193,20.99646759033203,20.99646759033203,5900,0.0,0.0,0.0
2017-03-10 00:00:00-05:00,21.160953638678258,21.218523025512695,21.160953638678258,21.218523025512695,5900,0.0,0.0,0.0
2017-03-13 00:00:00-04:00,21.259641647338867,21.259641647338867,21.259641647338867,21.259641647338867,800,0.0,0.0,0.0
2017-03-14 00:00:00-04:00,21.15272542529345,21.15272542529345,21.13627815246582,21.13627815246582,1500,0.0,0.0,0.0
2017-03-15 00:00:00-04:00,21.193026410448763,21.42330551147461,21.193026410448763,21.42330551147461,3900,0.0,0.0,0.0
2017-03-16 00:00:00-04:00,21.70375017119845,21.70375017119845,21.520350128482526,21.522817611694336,1500,0.0,0.0,0.0
2017-03-17 00:00:00-04:00,21.580387181553913,21.596836024012497,21.580387181553913,21.588611602783203,900,0.0,0.0,0.0
2017-03-20 00:00:00-04:00,21.62151100138579,21.62151100138579,21.547492773103563,21.563940048217773,12800,0.0,0.0,0.0
2017-03-21 00:00:00-04:00,21.70375220295758,21.70375220295758,21.482521057128906,21.482521057128906,4000,0.0,0.0,0.0
2017-03-22 00:00:00-04:00,21.465250832158755,21.514595796427923,21.44057756570011,21.469362258911133,5800,0.0,0.0,0.0
2017-03-23 00:00:00-04:00,21.48169605533998,21.648647247821305,21.48169605533998,21.599302291870117,5800,0.0,0.0,0.0
2017-03-24 00:00:00-04:00,21.679078659314765,21.679078659314765,21.629732131958008,21.629732131958008,11400,0.0,0.0,0.0
2017-03-27 00:00:00-04:00,21.649470067300896,21.72431182861328,21.649470067300896,21.72431182861328,1300,0.0,0.0,0.0
2017-03-28 00:00:00-04:00,21.785993576049805,21.785993576049805,21.785993576049805,21.785993576049805,200,0.0,0.0,0.0
2017-03-29 00:00:00-04:00,21.785993576049805,21.785993576049805,21.785993576049805,21.785993576049805,0,0.0,0.0,0.0
2017-03-30 00:00:00-04:00,21.75309727045336,21.761320123178482,21.720199584960938,21.720199584960938,800,0.0,0.0,0.0
2017-03-31 00:00:00-04:00,21.695525570479024,21.72431182861328,21.695525570479024,21.72431182861328,400,0.0,0.0,0.0
2017-04-03 00:00:00-04:00,21.69552409178087,21.69552409178087,21.596834182739258,21.596834182739258,1300,0.0,0.0,0.0
2017-04-04 00:00:00-04:00,21.621509534416138,21.7119750316747,21.621509534416138,21.703750610351562,1400,0.0,0.0,0.0
2017-04-05 00:00:00-04:00,21.785991345567446,21.785991345567446,21.654403753225793,21.662628173828125,2000,0.0,0.0,0.0
2017-04-06 00:00:00-04:00,21.6626290645782,21.6626290645782,21.62150852852353,21.63384437561035,500,0.0,0.0,0.0
2017-04-07 00:00:00-04:00,21.63384437561035,21.63384437561035,21.63384437561035,21.63384437561035,0,0.0,0.0,0.0
2017-04-10 00:00:00-04:00,21.613283218861966,21.69552428758962,21.613283218861966,21.662628173828125,11600,0.0,0.0,0.0
2017-04-11 00:00:00-04:00,21.69552798783821,21.744874519868432,21.69552798783821,21.744050979614258,1200,0.0,0.0,0.0
2017-04-12 00:00:00-04:00,21.75309739313464,21.777769088745117,21.679079169007235,21.777769088745117,6400,0.0,0.0,0.0
2017-04-13 00:00:00-04:00,21.794219970703125,21.794219970703125,21.794219970703125,21.794219970703125,2200,0.0,0.0,0.0
2017-04-17 00:00:00-04:00,21.860013517922813,21.860013517922813,21.753099168041945,21.761322021484375,2400,0.0,0.0,0.0
2017-04-18 00:00:00-04:00,21.68730333635326,21.703750610351562,21.613285113093,21.703750610351562,2300,0.0,0.0,0.0
2017-04-19 00:00:00-04:00,21.654405536422196,21.654405536422196,21.605060577392578,21.605060577392578,9800,0.0,0.0,0.0
2017-04-20 00:00:00-04:00,21.777769154605444,21.802442418938526,21.761320311716723,21.785993576049805,37600,0.0,0.0,0.0
2017-04-21 00:00:00-04:00,21.72019919679744,21.72019919679744,21.629732131958008,21.629732131958008,204800,0.0,0.0,0.0
2017-04-24 00:00:00-04:00,22.172532915406038,22.19720618078888,22.040945303993688,22.11496353149414,54900,0.0,0.0,0.0
2017-04-25 00:00:00-04:00,22.19720643177497,22.230104119324064,22.147861469099404,22.188982009887695,32400,0.0,0.0,0.0
2017-04-26 00:00:00-04:00,22.20131950423081,22.20296344742513,22.156085968017578,22.156085968017578,6700,0.0,0.0,0.0
2017-04-27 00:00:00-04:00,22.177466424666196,22.22187798570688,22.164308605578555,22.213653564453125,14300,0.0,0.0,0.0
2017-04-28 00:00:00-04:00,22.199675262571656,22.221881046150223,22.180758934218026,22.194740295410156,13100,0.0,0.0,0.0
2017-05-01 00:00:00-04:00,22.25477435745415,22.304120885542943,22.25477435745415,22.28767204284668,1100,0.0,0.0,0.0
2017-05-02 00:00:00-04:00,22.316455150548673,22.383892890983883,22.312342155842316,22.36991310119629,2800,0.0,0.0,0.0
2017-05-03 00:00:00-04:00,22.37813765441562,22.386362075805664,22.33701711611339,22.386362075805664,2200,0.0,0.0,0.0
2017-05-04 00:00:00-04:00,22.427484820141512,22.55084800720215,22.427484820141512,22.55084800720215,2600,0.0,0.0,0.0
2017-05-05 00:00:00-04:00,22.567295258455683,22.674209594726562,22.55907083741209,22.674209594726562,22200,0.0,0.0,0.0
2017-05-08 00:00:00-04:00,22.57551949543943,22.57551949543943,22.534397390556734,22.56729507446289,3300,0.0,0.0,0.0
2017-05-09 00:00:00-04:00,22.57551949543943,22.583742347768062,22.517948548603652,22.56729507446289,7200,0.0,0.0,0.0
2017-05-10 00:00:00-04:00,22.5837433274844,22.591145777278786,22.580453872680664,22.580453872680664,900,0.0,0.0,0.0
2017-05-11 00:00:00-04:00,22.485055728092856,22.501504572456195,22.46038246154785,22.46038246154785,6200,0.0,0.0,0.0
2017-05-12 00:00:00-04:00,22.583742465874284,22.668452590592533,22.553313833614652,22.665985107421875,14000,0.0,0.0,0.0
2017-05-15 00:00:00-04:00,22.778658398788057,22.81402199808593,22.778658398788057,22.805797576904297,4500,0.0,0.0,0.0
2017-05-16 00:00:00-04:00,22.937381946230825,22.962055206298828,22.933270520543356,22.962055206298828,3500,0.0,0.0,0.0
2017-05-17 00:00:00-04:00,22.86336882602878,22.87159324788291,22.715333938598633,22.715333938598633,19600,0.0,0.0,0.0
2017-05-18 00:00:00-04:00,22.67996709087503,22.77290163917216,22.67996709087503,22.732603073120117,8900,0.0,0.0,0.0
2017-05-19 00:00:00-04:00,22.970285272729928,23.023743231694095,22.970285272729928,22.994956970214844,3100,0.0,0.0,0.0
2017-05-22 00:00:00-04:00,23.071435928344727,23.071435928344727,23.071435928344727,23.071435928344727,300,0.0,0.0,0.0
2017-05-23 00:00:00-04:00,23.126546534114887,23.134769387646173,23.07720000103835,23.085424423217773,1700,0.0,0.0,0.0
2017-05-24 00:00:00-04:00,23.044303624916303,23.0755558013916,23.027854780740228,23.0755558013916,2500,0.0,0.0,0.0
2017-05-25 00:00:00-04:00,23.093645095825195,23.101869516669268,23.06897183329297,23.093645095825195,5600,0.0,0.0,0.0
2017-05-26 00:00:00-04:00,23.003181392259187,23.01963023634787,22.96206085068559,22.994956970214844,9400,0.0,0.0,0.0
2017-05-30 00:00:00-04:00,23.04430376370874,23.04430376370874,23.027854919433594,23.027854919433594,2500,0.0,0.0,0.0
2017-05-31 00:00:00-04:00,23.151216582814072,23.151216582814072,23.103515565030683,23.11832046508789,2100,0.0,0.0,0.0
2017-06-01 00:00:00-04:00,23.22523495532011,23.232637405395508,23.16766557244937,23.232637405395508,2200,0.0,0.0,0.0
2017-06-02 00:00:00-04:00,23.340374439093004,23.43906593322754,23.332151585842535,23.43906593322754,4200,0.0,0.0,0.0
2017-06-05 00:00:00-04:00,23.356823731689296,23.356823731689296,23.282805501828165,23.31159019470215,7100,0.0,0.0,0.0
2017-06-06 00:00:00-04:00,23.201385129347123,23.217010432351834,23.19233873617092,23.208786010742188,36900,0.0,0.0,0.0
2017-06-07 00:00:00-04:00,23.22523304812013,23.22523304812013,23.126543133773904,23.168485641479492,7700,0.0,0.0,0.0
2017-06-08 00:00:00-04:00,23.11667284672945,23.11667284672945,23.093645095825195,23.093645095825195,2800,0.0,0.0,0.0
2017-06-09 00:00:00-04:00,23.04430013940863,23.093645095825195,23.036075718564554,23.093645095825195,20800,0.0,0.0,0.0
2017-06-12 00:00:00-04:00,22.888040740410776,22.970283385448877,22.888040740410776,22.9127140045166,4300,0.0,0.0,0.0
2017-06-13 00:00:00-04:00,23.11503028869629,23.11503028869629,23.11503028869629,23.11503028869629,100,0.0,0.0,0.0
2017-06-14 00:00:00-04:00,23.225239155158025,23.225239155158025,23.161090850830078,23.161090850830078,6500,0.0,0.0,0.0
2017-06-15 00:00:00-04:00,22.789351072549067,22.94561195373535,22.789351072549067,22.94561195373535,51700,0.0,0.0,0.0
2017-06-16 00:00:00-04:00,23.064037251828303,23.096933364868164,23.060747797389098,23.096933364868164,2800,0.0,0.0,0.0
2017-06-19 00:00:00-04:00,23.27457618713379,23.27539972722001,23.251548437675353,23.27457618713379,2100,0.0,0.0,0.0
2017-06-20 00:00:00-04:00,23.209201686120196,23.21674435872647,23.125383377075195,23.125383377075195,2200,0.532,0.0,0.0
2017-06-21 00:00:00-04:00,23.049945875729172,23.049945875729172,23.000493251788,23.02899169921875,2700,0.0,0.0,0.0
2017-06-22 00:00:00-04:00,23.008037567138672,23.030667182540963,23.008037567138672,23.008037567138672,3800,0.0,0.0,0.0
2017-06-23 00:00:00-04:00,23.049946547868466,23.100236892700195,23.033182566690808,23.100236892700195,900,0.0,0.0,0.0
2017-06-26 00:00:00-04:00,23.22596890750484,23.22596890750484,23.14634237660964,23.15891456604004,4300,0.0,0.0,0.0
2017-06-27 00:00:00-04:00,23.158909446843715,23.158909446843715,23.133765073540996,23.142147064208984,1000,0.0,0.0,0.0
2017-06-28 00:00:00-04:00,23.200824449547095,23.393605480763465,23.200824449547095,23.34331512451172,26700,0.0,0.0,0.0
2017-06-29 00:00:00-04:00,23.184054774593825,23.184054774593825,22.94098344678172,23.03318214416504,3700,0.0,0.0,0.0
2017-06-30 00:00:00-04:00,23.100239700859557,23.100239700859557,22.91584068159276,23.066713333129883,75400,0.0,0.0,0.0
2017-07-03 00:00:00-04:00,23.091854773208365,23.091854773208365,23.00803806519044,23.01641845703125,2000,0.0,0.0,0.0
2017-07-05 00:00:00-04:00,22.87393149562689,22.93260383605957,22.87393149562689,22.93260383605957,1500,0.0,0.0,0.0
2017-07-06 00:00:00-04:00,22.82363942660955,22.879798608183815,22.82363942660955,22.848785400390625,1900,0.0,0.0,0.0
2017-07-07 00:00:00-04:00,22.81525533196185,22.922542572021484,22.80771265961386,22.922542572021484,2000,0.0,0.0,0.0
2017-07-10 00:00:00-04:00,23.37683575849674,23.37683575849674,22.907455485041453,23.03318214416504,21500,0.0,0.0,0.0
2017-07-11 00:00:00-04:00,22.92421975847129,23.024800447573288,22.91583776792925,23.01641845703125,6600,0.0,0.0,0.0
2017-07-12 00:00:00-04:00,23.200822320994863,23.200822320994863,23.175676345825195,23.175676345825195,2100,0.0,0.0,0.0
2017-07-13 00:00:00-04:00,23.30140470486974,23.313978492712177,23.29721450805664,23.29721450805664,1600,0.0,0.0,0.0
2017-07-14 00:00:00-04:00,23.435506749638705,23.49837087494806,23.435506749638705,23.49418067932129,600,0.0,0.0,0.0
2017-07-17 00:00:00-04:00,23.47239082849066,23.49418432549522,23.431320190429688,23.431320190429688,5400,0.0,0.0,0.0
2017-07-18 00:00:00-04:00,23.4522762298584,23.4522762298584,23.4355122460174,23.4522762298584,3900,0.0,0.0,0.0
2017-07-19 00:00:00-04:00,23.577996665928147,23.5905704498291,23.544470305828092,23.5905704498291,7900,0.0,0.0,0.0
2017-07-20 00:00:00-04:00,23.6785810087557,23.6844482421875,23.6785810087557,23.6844482421875,300,0.0,0.0,0.0
2017-07-21 00:00:00-04:00,23.510949281776533,23.560401916503906,23.510949281776533,23.560401916503906,1900,0.0,0.0,0.0
2017-07-24 00:00:00-04:00,23.485798689366632,23.501723351189696,23.485798689366632,23.49418067932129,3800,0.0,0.0,0.0
2017-07-25 00:00:00-04:00,23.546147766999344,23.546147766999344,23.510106647023417,23.510944366455078,1000,0.0,0.0,0.0
2017-07-26 00:00:00-04:00,23.633319396256585,23.64505386352539,23.633319396256585,23.64505386352539,600,0.0,0.0,0.0
2017-07-27 00:00:00-04:00,23.61153058043627,23.61153058043627,23.469039916992188,23.469039916992188,1100,0.0,0.0,0.0
2017-07-28 00:00:00-04:00,23.469038132242794,23.5528564453125,23.469038132242794,23.5528564453125,3000,0.0,0.0,0.0
2017-07-31 00:00:00-04:00,23.594764924878536,23.712111203265323,23.594764924878536,23.636674880981445,2800,0.0,0.0,0.0
2017-08-01 00:00:00-04:00,23.79927690987647,23.84621637357863,23.788381761716316,23.803468704223633,2000,0.0,0.0,0.0
2017-08-02 00:00:00-04:00,23.871364687532317,23.871364687532317,23.7959283638353,23.829456329345703,3800,0.0,0.0,0.0
2017-08-03 00:00:00-04:00,23.85459850103287,23.857952576235164,23.837836118527605,23.84621810913086,1800,0.0,0.0,0.0
2017-08-04 00:00:00-04:00,23.79592666227706,23.854598999023438,23.79592666227706,23.854598999023438,4700,0.0,0.0,0.0
2017-08-07 00:00:00-04:00,23.81269645690918,23.8210784497336,23.810181699191688,23.81269645690918,4000,0.0,0.0,0.0
2017-08-08 00:00:00-04:00,23.812693313525457,23.812693313525457,23.7850341796875,23.7850341796875,400,0.0,0.0,0.0
2017-08-09 00:00:00-04:00,23.623262093209117,23.728872299194336,23.623262093209117,23.728872299194336,7900,0.0,0.0,0.0
2017-08-10 00:00:00-04:00,23.51932828632754,23.51932828632754,23.410365599327925,23.422100067138672,1900,0.0,0.0,0.0
2017-08-11 00:00:00-04:00,23.35169342368603,23.4271297454834,23.35169342368603,23.4271297454834,900,0.0,0.0,0.0
2017-08-14 00:00:00-04:00,23.510945172988514,23.561237117235173,23.510945172988514,23.51932716369629,1700,0.0,0.0,0.0
2017-08-15 00:00:00-04:00,23.43551084977917,23.494184789727,23.43551084977917,23.477420806884766,3600,0.0,0.0,0.0
2017-08-16 00:00:00-04:00,23.578001022338867,23.578001022338867,23.578001022338867,23.578001022338867,400,0.0,0.0,0.0
2017-08-17 00:00:00-04:00,23.50507922579951,23.536092433245514,23.4271297454834,23.4271297454834,5000,0.0,0.0,0.0
2017-08-18 00:00:00-04:00,23.402818984694182,23.460653598457295,23.376835294471608,23.443889617919922,7400,0.0,0.0,0.0
2017-08-21 00:00:00-04:00,23.39359898244399,23.46065330505371,23.39359898244399,23.46065330505371,400,0.0,0.0,0.0
2017-08-22 00:00:00-04:00,23.55956301021383,23.569622039794922,23.55956301021383,23.569622039794922,600,0.0,0.0,0.0
2017-08-23 00:00:00-04:00,23.516812826944584,23.586381912231445,23.516812826944584,23.586381912231445,3300,0.0,0.0,0.0
2017-08-24 00:00:00-04:00,23.594766416344726,23.594766416344726,23.569622039794922,23.569622039794922,900,0.0,0.0,0.0
2017-08-25 00:00:00-04:00,23.720490911686714,23.720490911686714,23.6785825554938,23.71211051940918,2000,0.0,0.0,0.0
2017-08-28 00:00:00-04:00,23.66768759530591,23.686128616333008,23.66768759530591,23.686128616333008,400,0.0,0.0,0.0
2017-08-29 00:00:00-04:00,23.59476822651675,23.636678188484158,23.59476822651675,23.61153221130371,2800,0.0,0.0,0.0
2017-08-30 00:00:00-04:00,23.52938670394955,23.569619620741715,23.52854738576963,23.54447364807129,2000,0.0,0.0,0.0
2017-08-31 00:00:00-04:00,23.661821479643812,23.74563980102539,23.637514821910774,23.74563980102539,4000,0.0,0.0,0.0
2017-09-01 00:00:00-04:00,23.80179485824812,23.82023587818631,23.787545633219157,23.810176849365234,6000,0.0,0.0,0.0
2017-09-05 00:00:00-04:00,23.745637649915874,23.745637649915874,23.569620629791242,23.578001022338867,1800,0.0,0.0,0.0
2017-09-06 00:00:00-04:00,23.779165221599214,23.812691587339263,23.773297987692104,23.800119400024414,2200,0.0,0.0,0.0
2017-09-07 00:00:00-04:00,23.92165608664436,23.940933227539062,23.9208167684349,23.940933227539062,1900,0.0,0.0,0.0
2017-09-08 00:00:00-04:00,24.003796541236586,24.013853971094065,23.980327606201172,23.980327606201172,1500,0.0,0.0,0.0
2017-09-11 00:00:00-04:00,24.156341552734375,24.156341552734375,24.156341552734375,24.156341552734375,400,0.0,0.0,0.0
2017-09-12 00:00:00-04:00,24.189874437945434,24.22340080540983,24.189874437945434,24.205799102783203,5100,0.0,0.0,0.0
2017-09-13 00:00:00-04:00,24.09767180311966,24.09767180311966,24.07252583092308,24.080907821655273,1500,0.0,0.0,0.0
2017-09-14 00:00:00-04:00,24.03062039544908,24.131202697753906,23.997092428446987,24.131202697753906,5900,0.0,0.0,0.0
2017-09-15 00:00:00-04:00,24.215019025190227,24.215019025190227,24.164728674204042,24.18987464904785,1900,0.0,0.0,0.0
2017-09-18 00:00:00-04:00,24.223396802919847,24.24854277338928,24.18987044099509,24.19070816040039,15600,0.0,0.0,0.0
2017-09-19 00:00:00-04:00,24.298835970197448,24.34074592590332,24.298835970197448,24.34074592590332,3900,0.0,0.0,0.0
2017-09-20 00:00:00-04:00,24.374272371413596,24.403608541152895,24.282072067260742,24.282072067260742,3100,0.0,0.0,0.0
2017-09-21 00:00:00-04:00,24.256925582885742,24.256925582885742,24.25189606888174,24.256925582885742,900,0.0,0.0,0.0
2017-09-22 00:00:00-04:00,24.3658903006255,24.3658903006255,24.34074592590332,24.34074592590332,900,0.0,0.0,0.0
2017-09-25 00:00:00-04:00,24.282071648215567,24.282071648215567,24.181490953331256,24.215017318725586,2000,0.0,0.0,0.0
2017-09-26 00:00:00-04:00,24.03062185841611,24.03732681274414,24.03062185841611,24.03732681274414,1600,0.0,0.0,0.0
2017-09-27 00:00:00-04:00,24.06247132462049,24.131202697753906,24.0607942867898,24.131202697753906,1600,0.0,0.0,0.0
2017-09-28 00:00:00-04:00,24.11443871425286,24.131202697753906,24.106056722502334,24.131202697753906,300,0.0,0.0,0.0
2017-09-29 00:00:00-04:00,24.198256450831376,24.298837152014706,24.106056142495476,24.273691177368164,13300,0.0,0.0,0.0
2017-10-02 00:00:00-04:00,24.273691177368164,24.273691177368164,24.273691177368164,24.273691177368164,0,0.0,0.0,0.0
2017-10-03 00:00:00-04:00,24.323983044490213,24.332365036010742,24.31560105296968,24.332365036010742,1300,0.0,0.0,0.0
2017-10-04 00:00:00-04:00,24.307219583901304,24.31057206084129,24.19406509399414,24.19406509399414,10100,0.0,0.0,0.0
2017-10-05 00:00:00-04:00,24.223398188819843,24.223398188819843,24.213340759277344,24.213340759277344,2000,0.0,0.0,0.0
2017-10-06 00:00:00-04:00,24.173111555338654,24.173111555338654,24.11108673354993,24.139583587646484,5600,0.0,0.0,0.0
2017-10-09 00:00:00-04:00,24.237646102905273,24.237646102905273,24.237646102905273,24.237646102905273,1100,0.0,0.0,0.0
2017-10-10 00:00:00-04:00,24.237646102905273,24.237646102905273,24.237646102905273,24.237646102905273,0,0.0,0.0,0.0
2017-10-11 00:00:00-04:00,24.5377140045166,24.5377140045166,24.5377140045166,24.5377140045166,400,0.0,0.0,0.0
2017-10-12 00:00:00-04:00,24.49832451676563,24.600582254916056,24.49832451676563,24.57878875732422,2300,0.0,0.0,0.0
2017-10-13 00:00:00-04:00,24.701162150266942,24.701162150266942,24.617345435587715,24.62824058532715,16800,0.0,0.0,0.0
2017-10-16 00:00:00-04:00,24.625724294572855,24.63326856580083,24.60057992121545,24.61734390258789,3100,0.0,0.0,0.0
2017-10-17 00:00:00-04:00,24.54190508427362,24.634103775024414,24.43294081515755,24.634103775024414,53500,0.0,0.0,0.0
2017-10-18 00:00:00-04:00,24.600580353466835,24.650870699766546,24.583816371799838,24.636621475219727,26000,0.0,0.0,0.0
2017-10-19 00:00:00-04:00,24.516762291405733,24.558670647295138,24.516762291405733,24.541908264160156,600,0.0,0.0,0.0
2017-10-20 00:00:00-04:00,24.55029194897885,24.55029194897885,24.44132765822609,24.5,1000,0.0,0.0,0.0
2017-10-23 00:00:00-04:00,24.43294333558877,24.449707316982273,24.37510871887207,24.37510871887207,6900,0.0,0.0,0.0
2017-10-24 00:00:00-04:00,24.402771408488032,24.411991119384766,24.402771408488032,24.411991119384766,1100,0.0,0.0,0.0
2017-10-25 00:00:00-04:00,24.372598169610146,24.37427520751953,24.311411065791322,24.37427520751953,7500,0.0,0.0,0.0
2017-10-26 00:00:00-04:00,24.438812466593333,24.483235581903912,24.422887802124023,24.422887802124023,6000,0.0,0.0,0.0
2017-10-27 00:00:00-04:00,24.424562251519607,24.432944242527494,24.399417877197266,24.399417877197266,3600,0.0,0.0,0.0
2017-10-30 00:00:00-04:00,24.448869705200195,24.47401407869993,24.448869705200195,24.448869705200195,500,0.0,0.0,0.0
2017-10-31 00:00:00-04:00,24.55029206822162,24.60058241874332,24.55029206822162,24.583818435668945,5200,0.0,0.0,0.0
2017-11-01 00:00:00-04:00,24.650872933360038,24.667636916546,24.56705461613163,24.588848114013672,18900,0.0,0.0,0.0
2017-11-02 00:00:00-04:00,24.566213816992104,24.583815517520414,24.539392406477713,24.550289154052734,2900,0.0,0.0,0.0
2017-11-03 00:00:00-04:00,24.53268547221237,24.60896110534668,24.53268547221237,24.60896110534668,26000,0.0,0.0,0.0
2017-11-06 00:00:00-05:00,24.575434662465945,24.667634963989258,24.575434662465945,24.667634963989258,39500,0.0,0.0,0.0
2017-11-07 00:00:00-05:00,24.508379201341597,24.550289154052734,24.492454538402225,24.550289154052734,124000,0.0,0.0,0.0
2017-11-08 00:00:00-05:00,24.573760615370105,24.69278073668712,24.567054063025854,24.64249038696289,18300,0.0,0.0,0.0
2017-11-09 00:00:00-05:00,24.416186286796606,24.508386611938477,24.391041906268253,24.508386611938477,2000,0.0,0.0,0.0
2017-11-10 00:00:00-05:00,24.44970423096623,24.483230590820312,24.424558262049874,24.483230590820312,6900,0.0,0.0,0.0
2017-11-13 00:00:00-05:00,24.26531002000032,24.407800674438477,24.26531002000032,24.407800674438477,1500,0.0,0.0,0.0
2017-11-14 00:00:00-05:00,24.390201472203334,24.390201472203334,24.37427520751953,24.37427520751953,2200,0.0,0.0,0.0
2017-11-15 00:00:00-05:00,24.2150150738306,24.29045138735104,24.2150150738306,24.25273323059082,4700,0.0,0.0,0.0
2017-11-16 00:00:00-05:00,24.40360724100931,24.46563205391059,24.379300587006398,24.422046661376953,97400,0.0,0.0,0.0
2017-11-17 00:00:00-05:00,24.36588991316572,24.399417877197266,24.34074553884338,24.399417877197266,1900,0.0,0.0,0.0
2017-11-20 00:00:00-05:00,24.493292936107782,24.494130655574835,24.46982400142014,24.474853515625,2000,0.0,0.0,0.0
2017-11-21 00:00:00-05:00,24.663444176883587,24.701162338256836,24.66176873785001,24.701162338256836,6600,0.0,0.0,0.0
2017-11-22 00:00:00-05:00,24.743073398239357,24.743073398239357,24.646682892364243,24.692781448364258,32500,0.0,0.0,0.0
2017-11-24 00:00:00-05:00,24.926630771584406,24.926630771584406,24.89813232421875,24.89813232421875,1500,0.0,0.0,0.0
2017-11-27 00:00:00-05:00,24.860414979337698,24.860414979337698,24.73468831775343,24.75983428955078,11300,0.0,0.0,0.0
2017-11-28 00:00:00-05:00,24.8185088092529,24.831918716430664,24.75145447725994,24.831918716430664,5900,0.0,0.0,0.0
2017-11-29 00:00:00-05:00,24.860417097042543,24.860417097042543,24.743072416061526,24.78498077392578,14000,0.0,0.0,0.0
2017-11-30 00:00:00-05:00,24.810125645699888,24.927470321467982,24.79336166381836,24.79336166381836,18100,0.0,0.0,0.0
2017-12-01 00:00:00-05:00,24.768216669731352,24.781628175506803,24.59974392087896,24.701162338256836,8700,0.0,0.0,0.0
2017-12-04 00:00:00-05:00,24.726306538659646,24.726306538659646,24.625724249311123,24.63829803466797,5500,0.0,0.0,0.0
2017-12-05 00:00:00-05:00,24.558669545893732,24.592197508062643,24.53352517296828,24.550289154052734,32700,0.0,0.0,0.0
2017-12-06 00:00:00-05:00,24.529334773185138,24.53352656804523,24.499998603969782,24.525144577026367,6600,0.0,0.0,0.0
2017-12-07 00:00:00-05:00,24.508386611938477,24.550296577321923,24.49329966388112,24.508386611938477,10800,0.0,0.0,0.0
2017-12-08 00:00:00-05:00,24.55867406972021,24.642492391880996,24.55867406972021,24.600584030151367,9500,0.0,0.0,0.0
2017-12-11 00:00:00-05:00,24.63410487533832,24.65086885575128,24.598901475691793,24.625722885131836,53500,0.0,0.0,0.0
2017-12-12 00:00:00-05:00,24.60895991805792,24.667632249406516,24.60895991805792,24.659250259399414,9000,0.0,0.0,0.0
2017-12-13 00:00:00-05:00,24.659254395824146,24.810127043857623,24.659254395824146,24.768217086791992,29400,0.0,0.0,0.0
2017-12-14 00:00:00-05:00,24.70954471949566,24.71792671089993,24.64249038696289,24.64249038696289,49300,0.0,0.0,0.0
2017-12-15 00:00:00-05:00,24.600581705920696,24.62572608110226,24.533527374267578,24.533527374267578,8700,0.0,0.0,0.0
2017-12-18 00:00:00-05:00,24.902325576309302,24.902325576309302,24.852035226886745,24.868799209594727,10000,0.0,0.0,0.0
2017-12-19 00:00:00-05:00,24.849410342228246,24.849410342228246,24.69768369655341,24.731401443481445,23000,0.167,0.0,0.0
2017-12-20 00:00:00-05:00,24.78197244942158,24.78197244942158,24.647104699015916,24.71453857421875,64400,0.0,0.0,0.0
2017-12-21 00:00:00-05:00,24.786195508543212,24.832555005546027,24.748263841722075,24.81485366821289,8400,0.0,0.0,0.0
2017-12-22 00:00:00-05:00,24.77354793374282,24.825809478759766,24.714543482191658,24.825809478759766,9900,0.0,0.0,0.0
2017-12-26 00:00:00-05:00,24.83254936894428,24.871325096182815,24.83254936894428,24.857837677001953,800,0.0,0.0,0.0
2017-12-27 00:00:00-05:00,24.932860197158863,24.932860197158863,24.832551027256855,24.881441116333008,10100,0.0,0.0,0.0
2017-12-28 00:00:00-05:00,24.99270941166095,24.99270941166095,24.908416645816658,24.92949104309082,15000,0.0,0.0,0.0
2017-12-29 00:00:00-05:00,25.055930091621697,25.102291194525545,24.99271011352539,24.99271011352539,16500,0.0,0.0,0.0
2018-01-02 00:00:00-05:00,25.13600374002144,25.18657875061035,25.09385816582245,25.18657875061035,15800,0.0,0.0,0.0
2018-01-03 00:00:00-05:00,25.220298506248223,25.313020706176758,25.220298506248223,25.313020706176758,27700,0.0,0.0,0.0
2018-01-04 00:00:00-05:00,25.43524202511917,25.54903700711999,25.43524202511917,25.52375030517578,28400,0.0,0.0,0.0
2018-01-05 00:00:00-05:00,25.527964028394543,25.675475147799744,25.527964028394543,25.650188446044922,12400,0.0,0.0,0.0
2018-01-08 00:00:00-05:00,25.549038735884842,25.557468173020162,25.501835174127645,25.506893157958984,13600,0.0,0.0,0.0
2018-01-09 00:00:00-05:00,25.54061017602636,25.582757363150645,25.49930705807012,25.5819149017334,9700,0.0,0.0,0.0
2018-01-10 00:00:00-05:00,25.43102959044506,25.5321812273594,25.41417071633422,25.456317901611328,12200,0.0,0.0,0.0
2018-01-11 00:00:00-05:00,25.464747073450724,25.549039840698242,25.459690697151473,25.549039840698242,4800,0.0,0.0,0.0
2018-01-12 00:00:00-05:00,25.708348614272307,25.793483826843683,25.679688853743208,25.767353057861328,4500,0.0,0.0,0.0
2018-01-16 00:00:00-05:00,25.894637634839626,25.894637634839626,25.78000018368349,25.822147369384766,5900,0.0,0.0,0.0
2018-01-17 00:00:00-05:00,25.969657982550615,26.063222642867327,25.962071006950325,26.01264762878418,7700,0.0,0.0,0.0
2018-01-18 00:00:00-05:00,25.953644901657093,26.029506623945448,25.92835658906043,25.995790481567383,4500,0.0,0.0,0.0
2018-01-19 00:00:00-05:00,26.037931440579847,26.181228637695312,26.037931440579847,26.181228637695312,13700,0.0,0.0,0.0
2018-01-22 00:00:00-05:00,26.063222187739385,26.231807708740234,26.063222187739385,26.231807708740234,4000,0.0,0.0,0.0
2018-01-23 00:00:00-05:00,26.257093582109817,26.306826132381644,26.240234708992098,26.25962257385254,10300,0.0,0.0,0.0
2018-01-24 00:00:00-05:00,26.46782234725773,26.46782234725773,26.289122488062866,26.34981346130371,7900,0.0,0.0,0.0
2018-01-25 00:00:00-05:00,26.348126130040203,26.3919582303121,26.195557044194853,26.248661041259766,9000,0.0,0.0,0.0
2018-01-26 00:00:00-05:00,26.459395254638352,26.459395254638352,26.332114460337674,26.41724967956543,6000,0.0,0.0,0.0
2018-01-29 00:00:00-05:00,26.231808633298165,26.33295866326323,26.198090884809318,26.257095336914062,14900,0.0,0.0,0.0
2018-01-30 00:00:00-05:00,26.11379623413086,26.11379623413086,26.04636234977725,26.11379623413086,4400,0.0,0.0,0.0
2018-01-31 00:00:00-05:00,26.147513698211515,26.15594313463364,26.08007981458511,26.118011474609375,13400,0.0,0.0,0.0
2018-02-01 00:00:00-05:00,25.953642379120954,26.0800807143136,25.953642379120954,26.054792404174805,7000,0.0,0.0,0.0
2018-02-02 00:00:00-05:00,25.641763092344284,25.71762642518931,25.49003642665424,25.557470321655273,823400,0.0,0.0,0.0
2018-02-05 00:00:00-05:00,25.23715470696085,25.258227493507594,24.360512638411517,24.495380401611328,10400,0.0,0.0,0.0
2018-02-06 00:00:00-05:00,24.65975238561018,24.942132893018485,24.53752957063562,24.91347312927246,57100,0.0,0.0,0.0
2018-02-07 00:00:00-05:00,24.722970533698877,24.815692724475717,24.655536651611328,24.655536651611328,18900,0.0,0.0,0.0
2018-02-08 00:00:00-05:00,24.765117349248715,24.765117349248715,24.149782943367512,24.16242790222168,19300,0.0,0.0,0.0
2018-02-09 00:00:00-05:00,24.05705908020456,24.065486907958984,23.719888091012145,24.065486907958984,5200,0.0,0.0,0.0
2018-02-12 00:00:00-05:00,24.427946830120842,24.52066902140427,24.29813704852451,24.431318283081055,11000,0.0,0.0,0.0
2018-02-13 00:00:00-05:00,24.403503694262298,24.47852455508532,24.31836847410111,24.39423179626465,23500,0.0,0.0,0.0
2018-02-14 00:00:00-05:00,24.594845914680178,24.89998572126418,24.571244136107456,24.849409103393555,174900,0.0,0.0,0.0
2018-02-15 00:00:00-05:00,24.998606310167922,25.102286928003675,24.832549794022814,25.06856918334961,31500,0.0,0.0,0.0
2018-02-16 00:00:00-05:00,25.117458281161927,25.262440397315242,25.106499853805715,25.15791893005371,14600,0.0,0.0,0.0
2018-02-20 00:00:00-05:00,25.06014463518285,25.06014463518285,24.929492368540927,24.933706283569336,5400,0.0,0.0,0.0
2018-02-21 00:00:00-05:00,25.001137218801727,25.174779115382933,24.885657310783078,24.925273895263672,13600,0.0,0.0,0.0
2018-02-22 00:00:00-05:00,24.908417509129503,25.08711740719267,24.908417509129503,24.921062469482422,5000,0.0,0.0,0.0
2018-02-23 00:00:00-05:00,25.02642569495461,25.126733260480012,25.009566821223252,25.085430145263672,12100,0.0,0.0,0.0
2018-02-26 00:00:00-05:00,25.279303640713504,25.30880586735111,25.20091132089753,25.28773307800293,16700,0.0,0.0,0.0
2018-02-27 00:00:00-05:00,25.178153286926396,25.178153286926396,24.962364196777344,24.962364196777344,3600,0.0,0.0,0.0
2018-02-28 00:00:00-05:00,24.9337013626154,24.95898967104751,24.748258590698242,24.748258590698242,9400,0.0,0.0,0.0
2018-03-01 00:00:00-05:00,24.457448157314843,24.512238687225352,24.218058928403046,24.351240158081055,20500,0.0,0.0,0.0
2018-03-02 00:00:00-05:00,24.17507073546842,24.24250461949376,24.141352989580444,24.20035743713379,38100,0.0,0.0,0.0
2018-03-05 00:00:00-05:00,24.48947918766566,24.48947918766566,24.477678298950195,24.477678298950195,1200,0.0,0.0,0.0
2018-03-06 00:00:00-05:00,24.638677166543705,24.65553603858406,24.545956585822807,24.571243286132812,7700,0.0,0.0,0.0
2018-03-07 00:00:00-05:00,24.57124792106693,24.61760902404785,24.47852732285592,24.61760902404785,6700,0.0,0.0,0.0
2018-03-08 00:00:00-05:00,24.70105893930991,24.725503182566452,24.613394718854366,24.722131729125977,8400,0.0,0.0,0.0
2018-03-09 00:00:00-05:00,24.77354664469966,24.849409966389675,24.755845310155365,24.840980529785156,59600,0.0,0.0,0.0
2018-03-12 00:00:00-04:00,24.916841257221122,24.916841257221122,24.824120679726455,24.86626625061035,6300,0.0,0.0,0.0
2018-03-13 00:00:00-04:00,24.950561324813545,24.950561324813545,24.7018985748291,24.7018985748291,9200,0.0,0.0,0.0
2018-03-14 00:00:00-04:00,24.89155839489753,24.9117887222105,24.689256729518583,24.722972869873047,48400,0.0,0.0,0.0
2018-03-15 00:00:00-04:00,24.832549736637507,24.87638183993617,24.731399718410167,24.748258590698242,10000,0.0,0.0,0.0
2018-03-16 00:00:00-04:00,24.79883301765672,24.824121325495184,24.722969701891838,24.752471923828125,12900,0.0,0.0,0.0
2018-03-19 00:00:00-04:00,24.680827714086195,24.680827714086195,24.52067162335225,24.558603286743164,6800,0.0,0.0,0.0
2018-03-20 00:00:00-04:00,24.647111543887945,24.69684410095215,24.604965963088116,24.69684410095215,20100,0.0,0.0,0.0
2018-03-21 00:00:00-04:00,24.659751426683208,24.721284866333008,24.647108075772486,24.721284866333008,5300,0.0,0.0,0.0
2018-03-22 00:00:00-04:00,24.486956053047386,24.486956053047386,24.308256149291992,24.308256149291992,10700,0.0,0.0,0.0
2018-03-23 00:00:00-04:00,24.360510719627133,24.385799026141694,24.065486907958984,24.065486907958984,12600,0.0,0.0,0.0
2018-03-26 00:00:00-04:00,24.377373527101362,24.478525161743164,24.2846513293256,24.478525161743164,3600,0.0,0.0,0.0
2018-03-27 00:00:00-04:00,24.51224121317261,24.541743438222156,24.20878791809082,24.20878791809082,5300,0.0,0.0,0.0
2018-03-28 00:00:00-04:00,24.41109042920067,24.486953755613644,24.32679927340913,24.343656539916992,8100,0.0,0.0,0.0
2018-03-29 00:00:00-04:00,24.550176125207013,24.680830001831055,24.52067389625173,24.680830001831055,7000,0.0,0.0,0.0
2018-04-02 00:00:00-04:00,24.49537950434097,24.49537950434097,24.17759797194515,24.272005081176758,4100,0.0,0.0,0.0
2018-04-03 00:00:00-04:00,24.38580468512822,24.49538415661954,24.35630245789014,24.461668014526367,2900,0.0,0.0,0.0
2018-04-04 00:00:00-04:00,24.309937414497956,24.5712435024215,24.305721892575495,24.53331184387207,7400,0.0,0.0,0.0
2018-04-05 00:00:00-04:00,24.63867741185457,24.798833482331457,24.60917518936548,24.76511573791504,27800,0.0,0.0,0.0
2018-04-06 00:00:00-04:00,24.790405964079937,24.790405964079937,24.54342973735007,24.616764068603516,19700,0.0,0.0,0.0
2018-04-09 00:00:00-04:00,24.781973501092086,24.954772914116816,24.781973501092086,24.86626625061035,12600,0.0,0.0,0.0
2018-04-10 00:00:00-04:00,25.04412497343048,25.104815949229028,25.034853075964847,25.08289909362793,7300,0.0,0.0,0.0
2018-04-11 00:00:00-04:00,25.098070452330983,25.12757267390694,25.009563787603106,25.034008026123047,2500,0.0,0.0,0.0
2018-04-12 00:00:00-04:00,25.05929869227946,25.1107177734375,25.034854451458784,25.1107177734375,5400,0.0,0.0,0.0
2018-04-13 00:00:00-04:00,25.110719694739963,25.127576961552315,25.04159927368164,25.04159927368164,5400,0.0,0.0,0.0
2018-04-16 00:00:00-04:00,25.09554382284124,25.144433912233236,25.077000026891117,25.1107177734375,4100,0.0,0.0,0.0
2018-04-17 00:00:00-04:00,25.144435859584217,25.28773307800293,25.144435859584217,25.28773307800293,7800,0.0,0.0,0.0
2018-04-18 00:00:00-04:00,25.296162133860264,25.414171038631284,25.296162133860264,25.39731216430664,6200,0.0,0.0,0.0
2018-04-19 00:00:00-04:00,25.329876720668985,25.329876720668985,25.144433937727797,25.1992244720459,9300,0.0,0.0,0.0
2018-04-20 00:00:00-04:00,25.11071790266625,25.161292914995453,25.043282409226435,25.103973388671875,16900,0.0,0.0,0.0
2018-04-23 00:00:00-04:00,25.0904887508742,25.093860204153906,25.00113800408374,25.026426315307617,14600,0.0,0.0,0.0
2018-04-24 00:00:00-04:00,25.09554500748795,25.141063645924167,24.911788746488064,25.043283462524414,236900,0.0,0.0,0.0
2018-04-25 00:00:00-04:00,24.824122331940497,24.9589900970459,24.824122331940497,24.9589900970459,10200,0.0,0.0,0.0
2018-04-26 00:00:00-04:00,25.085426945889452,25.169719696044922,25.028951494617992,25.169719696044922,58700,0.0,0.0,0.0
2018-04-27 00:00:00-04:00,25.144437520446413,25.237159729003906,25.144437520446413,25.237159729003906,8000,0.0,0.0,0.0
2018-04-30 00:00:00-04:00,25.21186733615859,25.257385971613015,25.149491435490138,25.17730712890625,470000,0.0,0.0,0.0
2018-05-01 00:00:00-04:00,25.06857281825299,25.07700225563876,24.937918950399713,25.051713943481445,15000,0.0,0.0,0.0
2018-05-02 00:00:00-04:00,25.182364531548487,25.211866754680884,24.9589900970459,24.9589900970459,51000,0.0,0.0,0.0
2018-05-03 00:00:00-04:00,25.06857191384226,25.161294113989776,24.946347487784305,25.114933013916016,6000,0.0,0.0,0.0
2018-05-04 00:00:00-04:00,25.02642480261697,25.153705596923828,25.02642480261697,25.153705596923828,2100,0.0,0.0,0.0
2018-05-07 00:00:00-04:00,25.20596717060263,25.27930150028549,25.09385871887207,25.09385871887207,32600,0.0,0.0,0.0
2018-05-08 00:00:00-04:00,25.068568288689313,25.152018578304517,25.043279981101264,25.13178825378418,19500,0.0,0.0,0.0
2018-05-09 00:00:00-04:00,25.18657997573299,25.31301991998144,25.18657997573299,25.211868286132812,60900,0.0,0.0,0.0
2018-05-10 00:00:00-04:00,25.42260071160164,25.45631846056368,25.321450680217044,25.44283103942871,6500,0.0,0.0,0.0
2018-05-11 00:00:00-04:00,25.547352366443693,25.565896162440875,25.510263166698675,25.519535064697266,7200,0.0,0.0,0.0
2018-05-14 00:00:00-04:00,25.633328498263246,25.641757934411626,25.553251266479492,25.553251266479492,13000,0.0,0.0,0.0
2018-05-15 00:00:00-04:00,25.355162960227464,25.439455712045312,25.28772908032329,25.414167404174805,6800,0.0,0.0,0.0
2018-05-16 00:00:00-04:00,25.388883590698242,25.463902846067683,25.346736406122048,25.388883590698242,24700,0.0,0.0,0.0
2018-05-17 00:00:00-04:00,25.42260242037611,25.56589964759494,25.42260242037611,25.495094299316406,4600,0.0,0.0,0.0
2018-05-18 00:00:00-04:00,25.51532414441258,25.51532414441258,25.443674728287103,25.473176956176758,18800,0.0,0.0,0.0
2018-05-21 00:00:00-04:00,25.675478340498245,25.71762552824824,25.667050510699063,25.709196090698242,14600,0.0,0.0,0.0
2018-05-22 00:00:00-04:00,25.75133686620017,25.75133686620017,25.61478418351932,25.660301208496094,28600,0.0,0.0,0.0
2018-05-23 00:00:00-04:00,25.278459820462405,25.346736168760554,25.254013971311927,25.343364715576172,7000,0.0,0.0,0.0
2018-05-24 00:00:00-04:00,25.286887447719398,25.338304918665408,25.26244160031831,25.317232131958008,5400,0.0,0.0,0.0
2018-05-25 00:00:00-04:00,25.18657979482799,25.247270774701242,25.180679349885477,25.195009231567383,4600,0.0,0.0,0.0
2018-05-29 00:00:00-04:00,24.891561602237292,24.90336249404454,24.66397159645392,24.781980514526367,5600,0.0,0.0,0.0
2018-05-30 00:00:00-04:00,24.84098137684146,25.034855209855003,24.781976926348477,24.975849151611328,20300,0.0,0.0,0.0
2018-05-31 00:00:00-04:00,25.00197582351717,25.01799223331052,24.87722403657627,24.980060577392578,13700,0.0,0.0,0.0
2018-06-01 00:00:00-04:00,25.101444086364754,25.12757485742422,25.02642483401713,25.09385871887207,7900,0.0,0.0,0.0
2018-06-04 00:00:00-04:00,25.296162093679495,25.296162093679495,25.173937666646086,25.220298767089844,10200,0.0,0.0,0.0
2018-06-05 00:00:00-04:00,25.245586033332582,25.245586033332582,25.16129327308384,25.211868286132812,10400,0.0,0.0,0.0
2018-06-06 00:00:00-04:00,25.313018681020804,25.346734818819638,25.169721477936914,25.329875946044922,39400,0.0,0.0,0.0
2018-06-07 00:00:00-04:00,25.38888200846719,25.38888200846719,25.161292049191193,25.18657875061035,33000,0.0,0.0,0.0
2018-06-08 00:00:00-04:00,25.169723812680836,25.25401496887207,25.169723812680836,25.25401496887207,4400,0.0,0.0,0.0
2018-06-11 00:00:00-04:00,25.377922458806225,25.4731720310766,25.37370693692227,25.431026458740234,25300,0.0,0.0,0.0
2018-06-12 00:00:00-04:00,25.355166102871973,25.379610344751175,25.26244390360484,25.296161651611328,9900,0.0,0.0,0.0
2018-06-13 00:00:00-04:00,25.355165740422144,25.355165740422144,25.186580218301042,25.26244354248047,53200,0.0,0.0,0.0
2018-06-14 00:00:00-04:00,25.279303038571452,25.33830749044121,25.178153009009222,25.203439712524414,8700,0.0,0.0,0.0
2018-06-15 00:00:00-04:00,25.06014017524576,25.178150675800207,25.06014017524576,25.136003494262695,10200,0.0,0.0,0.0
2018-06-18 00:00:00-04:00,24.891556032872607,24.94213104248047,24.87553962171727,24.94213104248047,5500,0.0,0.0,0.0
2018-06-19 00:00:00-04:00,24.564027398549786,24.662626266479492,24.535734578254697,24.662626266479492,6500,0.499,0.0,0.0
2018-06-20 00:00:00-04:00,24.675485683425666,24.72692821044275,24.598321075235816,24.641189575195312,32200,0.0,0.0,0.0
2018-06-21 00:00:00-04:00,24.56402587890625,24.624042435208942,24.495435295227672,24.56402587890625,9400,0.0,0.0,0.0
2018-06-22 00:00:00-04:00,24.795519941046372,24.891546432017446,24.761223831226115,24.838388442993164,3700,0.0,0.0,0.0
2018-06-25 00:00:00-04:00,24.658339464396345,24.672056600446563,24.48772072863961,24.581174850463867,80200,0.0,0.0,0.0
2018-06-26 00:00:00-04:00,24.59832156949982,24.63261604309082,24.572599487810212,24.63261604309082,21300,0.0,0.0,0.0
2018-06-27 00:00:00-04:00,24.66691106596458,24.66691106596458,24.387404004825303,24.401121139526367,6600,0.0,0.0,0.0
2018-06-28 00:00:00-04:00,24.33253519806325,24.45256996154785,24.33253519806325,24.45256996154785,17300,0.0,0.0,0.0
2018-06-29 00:00:00-04:00,24.6677699819025,24.71835559971084,24.649765014648438,24.649765014648438,11000,0.0,0.0,0.0
2018-07-02 00:00:00-04:00,24.409696160879,24.478286743164062,24.34453486240892,24.478286743164062,22100,0.0,0.0,0.0
2018-07-03 00:00:00-04:00,24.688347246088536,24.688347246088536,24.552879900687174,24.58974838256836,30600,0.0,0.0,0.0
2018-07-05 00:00:00-04:00,24.66691264974425,24.752651288444522,24.658338622341372,24.718355178833008,14200,0.0,0.0,0.0
2018-07-06 00:00:00-04:00,24.744079798147887,24.93270351436599,24.744079798147887,24.924129486083984,10700,0.0,0.0,0.0
2018-07-09 00:00:00-04:00,25.06988482680617,25.13847541809082,25.06817100233805,25.13847541809082,9700,0.0,0.0,0.0
2018-07-10 00:00:00-04:00,25.138472102506068,25.26707923978634,25.138472102506068,25.224210739135742,21000,0.0,0.0,0.0
2018-07-11 00:00:00-04:00,24.975569423273996,24.975569423273996,24.78265953063965,24.78265953063965,3700,0.0,0.0,0.0
2018-07-12 00:00:00-04:00,24.966996383848816,25.069881439208984,24.933557187294717,25.069881439208984,7400,0.0,0.0,0.0
2018-07-13 00:00:00-04:00,25.052733389179775,25.164194107055664,25.052733389179775,25.164194107055664,25200,0.0,0.0,0.0
2018-07-16 00:00:00-04:00,25.112753977686413,25.155622482299805,25.078457865732798,25.155622482299805,11500,0.0,0.0,0.0
2018-07-17 00:00:00-04:00,25.052732404106518,25.18134117126465,25.052732404106518,25.18134117126465,4100,0.0,0.0,0.0
2018-07-18 00:00:00-04:00,25.14704894366289,25.249077098651657,25.14704894366289,25.241361618041992,10600,0.0,0.0,0.0
2018-07-19 00:00:00-04:00,25.052734721051017,25.153049045406608,25.035588301128804,25.11275291442871,8800,0.0,0.0,0.0
2018-07-20 00:00:00-04:00,24.97557368203682,25.29280620826138,24.958427259660763,25.2670841217041,9600,0.0,0.0,0.0
2018-07-23 00:00:00-04:00,25.18991470336914,25.209635129509525,25.164194257035618,25.18991470336914,5900,0.0,0.0,0.0
2018-07-24 00:00:00-04:00,25.28422729417797,25.378539958003458,25.224210739135742,25.224210739135742,83200,0.0,0.0,0.0
2018-07-25 00:00:00-04:00,25.2842297692839,25.42998497522397,25.14704859137897,25.36996841430664,25500,0.0,0.0,0.0
2018-07-26 00:00:00-04:00,25.30994979884331,25.36053541541427,25.24993324279785,25.24993324279785,141900,0.0,0.0,0.0
2018-07-27 00:00:00-04:00,25.421410453806953,25.421410453806953,25.249934802418128,25.284229278564453,24400,0.0,0.0,0.0
2018-07-30 00:00:00-04:00,25.40426140250908,25.481426014975078,25.301376342773438,25.301376342773438,24500,0.0,0.0,0.0
2018-07-31 00:00:00-04:00,25.36996692770671,25.455705567705436,25.301376342773438,25.301376342773438,68900,0.0,0.0,0.0
2018-08-01 00:00:00-04:00,25.292801394688677,25.313378732952582,25.173625196379806,25.18991470336914,12100,0.0,0.0,0.0
2018-08-02 00:00:00-04:00,24.97556877568844,25.09560352071326,24.79551911114391,25.069881439208984,11700,0.0,0.0,0.0
2018-08-03 00:00:00-04:00,25.097318758297032,25.12132538158823,25.044160768058365,25.07845687866211,16500,0.0,0.0,0.0
2018-08-06 00:00:00-04:00,24.984147260539906,25.112756055679263,24.984147260539906,25.094749450683594,7300,0.0,0.0,0.0
2018-08-07 00:00:00-04:00,24.984142315796273,25.29280074651649,24.984142315796273,25.172767639160156,116300,0.0,0.0,0.0
2018-08-08 00:00:00-04:00,25.111894605942314,25.215638215269742,25.111894605942314,25.206207275390625,4900,0.0,0.0,0.0
2018-08-09 00:00:00-04:00,25.284230123489586,25.378542797868686,25.16419699997339,25.241361618041992,35400,0.0,0.0,0.0
2018-08-10 00:00:00-04:00,24.821245690098603,24.82981808349149,24.73121920618565,24.812671661376953,7200,0.0,0.0,0.0
2018-08-13 00:00:00-04:00,24.829814190338286,24.83410202169119,24.725213672860846,24.75265121459961,21100,0.0,0.0,0.0
2018-08-14 00:00:00-04:00,24.814385067964754,24.846965722426752,24.73550662158017,24.786949157714844,7800,0.0,0.0,0.0
2018-08-15 00:00:00-04:00,24.529731824812558,24.54687824452946,24.3411064899698,24.49543571472168,12000,0.0,0.0,0.0
2018-08-16 00:00:00-04:00,24.634331502668186,24.735502734520782,24.63261604309082,24.63261604309082,4900,0.0,0.0,0.0
2018-08-17 00:00:00-04:00,24.607752516084584,24.829813770688087,24.607752516084584,24.82124137878418,3200,0.0,0.0,0.0
2018-08-20 00:00:00-04:00,24.924126661798613,24.962708967031336,24.846962051333165,24.906978607177734,15200,0.0,0.0,0.0
2018-08-21 00:00:00-04:00,25.075024186508845,25.138470020108034,25.06130541706627,25.096458435058594,3700,0.0,0.0,0.0
2018-08-22 00:00:00-04:00,25.1470484543114,25.2070650149016,25.130758945863473,25.155622482299805,5900,0.0,0.0,0.0
2018-08-23 00:00:00-04:00,25.044163887072475,25.080175461822733,24.99272135008874,25.023588180541992,16600,0.0,0.0,0.0
2018-08-24 00:00:00-04:00,25.147046091255056,25.215636673388232,25.129898036889642,25.194202423095703,14600,0.0,0.0,0.0
2018-08-27 00:00:00-04:00,25.39911775184233,25.59288619102403,25.39911775184233,25.56973648071289,32400,0.0,0.0,0.0
2018-08-28 00:00:00-04:00,25.61860868076831,25.61860868076831,25.46428108215332,25.46428108215332,21300,0.0,0.0,0.0
2018-08-29 00:00:00-04:00,25.540583564988047,25.64432716369629,25.540583564988047,25.64432716369629,8400,0.0,0.0,0.0
2018-08-30 00:00:00-04:00,25.472850225895332,25.472850225895332,25.39568725409399,25.42140769958496,5100,0.0,0.0,0.0
2018-08-31 00:00:00-04:00,25.292801321373783,25.369965930807645,25.12989807531025,25.224210739135742,32900,0.0,0.0,0.0
2018-09-04 00:00:00-04:00,24.949846843060516,25.00128936767578,24.906976709774156,25.00128936767578,13700,0.0,0.0,0.0
2018-09-05 00:00:00-04:00,24.924125065696142,24.924125065696142,24.70892239056943,24.756078720092773,11900,0.0,0.0,0.0
2018-09-06 00:00:00-04:00,24.59231991397176,24.654050293501257,24.58117351504008,24.63261604309082,18500,0.0,0.0,0.0
2018-09-07 00:00:00-04:00,24.572602720210003,24.675489425174185,24.409699452070345,24.46457290649414,64800,0.0,0.0,0.0
2018-09-10 00:00:00-04:00,24.709782490214565,24.77837307782534,24.572601314993012,24.666913986206055,28200,0.0,0.0,0.0
2018-09-11 00:00:00-04:00,24.555454205139338,24.744079554831313,24.54688017694164,24.71407127380371,56800,0.0,0.0,0.0
2018-09-12 00:00:00-04:00,24.897550838498045,24.9584259495562,24.838391187251844,24.889835357666016,8000,0.0,0.0,0.0
2018-09-13 00:00:00-04:00,25.035588724773596,25.035588724773596,24.915553971315575,24.94985008239746,130100,0.0,0.0,0.0
2018-09-14 00:00:00-04:00,25.044161190330964,25.044161190330964,24.932702099646598,25.00986671447754,6000,0.0,0.0,0.0
2018-09-17 00:00:00-04:00,25.069882205109817,25.07845623253985,24.966997146606445,24.966997146606445,11200,0.0,0.0,0.0
2018-09-18 00:00:00-04:00,25.13933133852325,25.155622482299805,25.089604265650586,25.155622482299805,15600,0.0,0.0,0.0
2018-09-19 00:00:00-04:00,25.14704944641749,25.207066009375474,25.11275496843951,25.13847541809082,10200,0.0,0.0,0.0
2018-09-20 00:00:00-04:00,25.42998694123278,25.52429962158203,25.361396346977532,25.52429962158203,7100,0.0,0.0,0.0
2018-09-21 00:00:00-04:00,25.52429820308919,25.610036849975586,25.374255162205834,25.610036849975586,123700,0.0,0.0,0.0
2018-09-24 00:00:00-04:00,25.44712970130795,25.49857222745842,25.361391067504883,25.361391067504883,7700,0.0,0.0,0.0
2018-09-25 00:00:00-04:00,25.584310107936165,25.584310107936165,25.498571476657656,25.5585880279541,8600,0.0,0.0,0.0
2018-09-26 00:00:00-04:00,25.51486814128163,25.661480267662228,25.51486814128163,25.611751556396484,4400,0.0,0.0,0.0
2018-09-27 00:00:00-04:00,25.55001441604021,25.618604995110754,25.48999786376953,25.48999786376953,10800,0.0,0.0,0.0
2018-09-28 00:00:00-04:00,25.352820434662007,25.412836995760255,25.30480718578341,25.33567237854004,4600,0.0,0.0,0.0
2018-10-01 00:00:00-04:00,25.472853971121005,25.472853971121005,25.378542931573694,25.455707550048828,5600,0.0,0.0,0.0
2018-10-02 00:00:00-04:00,25.187342826514513,25.24135772376329,25.166765489182346,25.18134117126465,22100,0.0,0.0,0.0
2018-10-03 00:00:00-04:00,25.275655603480203,25.284229631468605,25.147905366511655,25.155622482299805,16500,0.0,0.0,0.0
2018-10-04 00:00:00-04:00,24.966996067663406,24.966996067663406,24.709780161863463,24.735502243041992,9400,0.0,0.0,0.0
2018-10-05 00:00:00-04:00,24.786945762727523,24.786945762727523,24.60775300539435,24.718355178833008,22500,0.0,0.0,0.0
2018-10-08 00:00:00-04:00,24.44399335061173,24.528873443603516,24.366828737712716,24.528873443603516,27300,0.0,0.0,0.0
2018-10-09 00:00:00-04:00,24.289664304078453,24.51172720467402,24.289664304078453,24.46114158630371,15200,0.0,0.0,0.0
2018-10-10 00:00:00-04:00,24.34110494077816,24.34110494077816,23.749511797319336,23.809528350830078,35800,0.0,0.0,0.0
2018-10-11 00:00:00-04:00,23.75809015842568,23.835254785278856,23.449433286341822,23.466581344604492,42400,0.0,0.0,0.0
2018-10-12 00:00:00-04:00,23.740939599298912,23.740939599298912,23.4528584849257,23.655200958251953,16100,0.0,0.0,0.0
2018-10-15 00:00:00-04:00,23.595184821858187,23.710931744041154,23.56346108256507,23.586610794067383,34500,0.0,0.0,0.0
2018-10-16 00:00:00-04:00,23.800958835004863,24.023020125083338,23.800958835004863,23.981008529663086,109400,0.0,0.0,0.0
2018-10-17 00:00:00-04:00,23.903840794481013,23.946710931908452,23.749513205727833,23.818103790283203,192600,0.0,0.0,0.0
2018-10-18 00:00:00-04:00,23.703214982029085,23.758086798314483,23.401416721802146,23.458003997802734,38400,0.0,0.0,0.0
2018-10-19 00:00:00-04:00,23.663774490356445,23.749513129607987,23.65520046289844,23.663774490356445,16500,0.0,0.0,0.0
2018-10-22 00:00:00-04:00,23.684352325153917,23.684352325153917,23.526593814345798,23.655200958251953,118400,0.0,0.0,0.0
2018-10-23 00:00:00-04:00,23.252233294237584,23.492299545596033,23.140772561539432,23.40656089782715,23900,0.0,0.0,0.0
2018-10-24 00:00:00-04:00,23.329394430209472,23.329394430209472,22.797817799745626,22.849260330200195,47300,0.0,0.0,0.0
2018-10-25 00:00:00-04:00,23.020737190671245,23.19221283415648,22.995015108250623,23.106475830078125,34800,0.0,0.0,0.0
2018-10-26 00:00:00-04:00,22.814967257635093,23.026740683609933,22.61862642821254,22.9521484375,24800,0.0,0.0,0.0
2018-10-29 00:00:00-04:00,23.16649374415511,23.16649374415511,22.652063512907088,22.772096633911133,134900,0.0,0.0,0.0
2018-10-30 00:00:00-04:00,22.900703388004715,23.0593204498291,22.857834884193505,23.0593204498291,48000,0.0,0.0,0.0
2018-10-31 00:00:00-04:00,23.355113973660018,23.421132180375345,23.260801315307617,23.260801315307617,26700,0.0,0.0,0.0
2018-11-01 00:00:00-04:00,23.518019255524248,23.55145681782548,23.475149118304767,23.539453506469727,17800,0.0,0.0,0.0
2018-11-02 00:00:00-04:00,23.82667766548873,23.82667766548873,23.53516727415937,23.603757858276367,10600,0.0,0.0,0.0
2018-11-05 00:00:00-05:00,23.6594838209803,23.698066122249074,23.552310943603516,23.552310943603516,16700,0.0,0.0,0.0
2018-11-06 00:00:00-05:00,23.65519996790375,23.685208245714577,23.58660938500351,23.672348022460938,64300,0.0,0.0,0.0
2018-11-07 00:00:00-05:00,23.869549428493055,24.015304644071552,23.85240137128882,23.981008529663086,13100,0.0,0.0,0.0
2018-11-08 00:00:00-05:00,23.929563799964995,23.933851631537397,23.74094009399414,23.74094009399414,17500,0.0,0.0,0.0
2018-11-09 00:00:00-05:00,23.68092551530485,23.714363081854806,23.56089075116667,23.706645965576172,15400,0.0,0.0,0.0
2018-11-12 00:00:00-05:00,23.518015696016814,23.518015696016814,23.192209243774414,23.192209243774414,92100,0.0,0.0,0.0
2018-11-13 00:00:00-05:00,23.432281989982627,23.5694631664693,23.36369140173929,23.423707962036133,14000,0.0,0.0,0.0
2018-11-14 00:00:00-05:00,23.5694631664693,23.5694631664693,23.372265429685783,23.423707962036133,5000,0.0,0.0,0.0
2018-11-15 00:00:00-05:00,23.28652545659079,23.548027570384818,23.217934872261907,23.475149154663086,20400,0.0,0.0,0.0
2018-11-16 00:00:00-05:00,23.423707536699283,23.60375884964899,23.423707536699283,23.586610794067383,23400,0.0,0.0,0.0
2018-11-19 00:00:00-05:00,23.574605413902272,23.574605413902272,23.331965191163526,23.372262954711914,8700,0.0,0.0,0.0
2018-11-20 00:00:00-05:00,22.9092753994785,23.10390237985312,22.85783287236703,22.874980926513672,23200,0.0,0.0,0.0
2018-11-21 00:00:00-05:00,23.132199248148364,23.3388295755436,23.132199248148364,23.14934730529785,52700,0.0,0.0,0.0
2018-11-23 00:00:00-05:00,23.037886816521187,23.148488998413086,23.037886816521187,23.148488998413086,4200,0.0,0.0,0.0
2018-11-26 00:00:00-05:00,23.355119208684577,23.397989351785135,23.22651205004039,23.363693237304688,7400,0.0,0.0,0.0
2018-11-27 00:00:00-05:00,23.145061592117937,23.26080689197277,23.145061592117937,23.23508644104004,147200,0.0,0.0,0.0
2018-11-28 00:00:00-05:00,23.257376690054684,23.65520310482909,23.20078941077471,23.6397705078125,80100,0.0,0.0,0.0
2018-11-29 00:00:00-05:00,23.4322824799749,23.552315603078597,23.423708451849116,23.50944709777832,46400,0.0,0.0,0.0
2018-11-30 00:00:00-05:00,23.415131915938574,23.458002051976067,23.34225513766755,23.427993774414062,39700,0.0,0.0,0.0
2018-12-03 00:00:00-05:00,23.775233652019107,23.775233652019107,23.616618231864496,23.723791122436523,22000,0.0,0.0,0.0
2018-12-04 00:00:00-05:00,23.63805650141128,23.680926646125183,23.132200241088867,23.132200241088867,26600,0.0,0.0,0.0
2018-12-06 00:00:00-05:00,22.72922770713795,22.926425440932444,22.523455945526926,22.840686798095703,45000,0.0,0.0,0.0
2018-12-07 00:00:00-05:00,22.900703286936203,23.02931206845943,22.643488994546928,22.686357498168945,35800,0.0,0.0,0.0
2018-12-10 00:00:00-05:00,22.626339646780874,22.626339646780874,22.30910881330633,22.463438034057617,25600,0.0,0.0,0.0
2018-12-11 00:00:00-05:00,22.71550822015308,22.71550822015308,22.49773315352333,22.57489776611328,68100,0.0,0.0,0.0
2018-12-12 00:00:00-05:00,22.934999045254916,23.029311714166713,22.866408459317764,22.909276962280273,148400,0.0,0.0,0.0
2018-12-13 00:00:00-05:00,22.969291756802704,22.969291756802704,22.814962552450208,22.934995651245117,33900,0.0,0.0,0.0
2018-12-14 00:00:00-05:00,22.66921461867467,22.729231187251056,22.506311335875306,22.540607452392578,31900,0.0,0.0,0.0
2018-12-17 00:00:00-05:00,22.493450078332945,22.547464987574656,22.260240748565074,22.309112548828125,51800,0.0,0.0,0.0
2018-12-18 00:00:00-05:00,22.510454067084634,22.510454067084634,22.285783032696816,22.346271514892578,42800,0.203,0.0,0.0
2018-12-19 00:00:00-05:00,22.50180911983571,22.640068946989683,22.130235216289226,22.18381118774414,293300,0.0,0.0,0.0
2018-12-20 00:00:00-05:00,22.354909126965055,22.354909126965055,22.082709355594186,22.095670700073242,112100,0.0,0.0,0.0
2018-12-21 00:00:00-05:00,22.095669773737132,22.156158243019807,21.801867224489435,21.853715896606445,159900,0.0,0.0,0.0
2018-12-24 00:00:00-05:00,21.78458661526732,22.009259273409313,21.516708374023438,21.516708374023438,108300,0.0,0.0,0.0
2018-12-26 00:00:00-05:00,21.72409937007686,22.078390445778496,21.568556625000543,22.035184860229492,81200,0.0,0.0,0.0
2018-12-27 00:00:00-05:00,21.724095179793714,22.000614829620304,21.654965267337065,21.983333587646484,539900,0.0,0.0,0.0
2018-12-28 00:00:00-05:00,22.24257095452219,22.30305942354967,22.104311125834478,22.18813133239746,42700,0.0,0.0,0.0
2018-12-31 00:00:00-05:00,22.303923922499223,22.467242783020502,22.216645822387772,22.303058624267578,137900,0.0,0.0,0.0
2019-01-02 00:00:00-05:00,21.996296940016464,22.259855270385742,21.996296940016464,22.259855270385742,68900,0.0,0.0,0.0
2019-01-03 00:00:00-05:00,22.17344049192484,22.320341762296696,22.000614886244847,22.034317016601562,36900,0.0,0.0,0.0
2019-01-04 00:00:00-05:00,22.4093465174579,22.723022889526614,22.398112474329523,22.687593460083008,18400,0.0,0.0,0.0
2019-01-07 00:00:00-05:00,22.60550463557521,22.834497180149516,22.60550463557521,22.76104736328125,2021300,0.0,0.0,0.0
2019-01-08 00:00:00-05:00,23.011643527667104,23.011643527667104,22.838819550354412,22.977079391479492,11990700,0.0,0.0,0.0
2019-01-09 00:00:00-05:00,23.244955467485664,23.322726826914653,23.141261420371784,23.227672576904297,1064300,0.0,0.0,0.0
2019-01-10 00:00:00-05:00,23.08077183325028,23.305444471404847,23.08077183325028,23.301124572753906,121700,0.0,0.0,0.0
2019-01-11 00:00:00-05:00,23.201753273369132,23.217307217886155,23.09114506497737,23.17582893371582,296600,0.0,0.0,0.0
2019-01-14 00:00:00-05:00,22.847459932481424,23.106696710471912,22.847459932481424,23.011642456054688,189100,0.0,0.0,0.0
2019-01-15 00:00:00-05:00,23.106694481399,23.18446583693109,23.045342365552635,23.149036407470703,107600,0.0,0.0,0.0
2019-01-16 00:00:00-05:00,23.201752353997072,23.236316490644477,23.158545122953647,23.195703506469727,59100,0.0,0.0,0.0
2019-01-17 00:00:00-05:00,23.14126672787003,23.356432666664315,23.107564589050558,23.314090728759766,73600,0.0,0.0,0.0
2019-01-18 00:00:00-05:00,23.486910541619586,23.599246031874507,23.46098620624362,23.549991607666016,248000,0.0,0.0,0.0
2019-01-22 00:00:00-05:00,23.39185896945126,23.40914186167906,23.210393545621294,23.365936279296875,321300,0.0,0.0,0.0
2019-01-23 00:00:00-05:00,23.45234540281471,23.45321070108191,23.28816288550268,23.362476348876953,92200,0.0,0.0,0.0
2019-01-24 00:00:00-05:00,23.3227244902447,23.4186423807181,23.288160360732054,23.357290267944336,85400,0.0,0.0,0.0
2019-01-25 00:00:00-05:00,23.60789033227887,23.652824863452913,23.56468474961385,23.5992488861084,60800,0.0,0.0,0.0
2019-01-28 00:00:00-05:00,23.504196166992188,23.55604319559029,23.426424800001374,23.504196166992188,157300,0.0,0.0,0.0
2019-01-29 00:00:00-05:00,23.625171661376953,23.728865712186646,23.615666565674573,23.625171661376953,203900,0.0,0.0,0.0
2019-01-30 00:00:00-05:00,23.780713659682633,23.953537621817695,23.66837651851703,23.86712646484375,68000,0.0,0.0,0.0
2019-01-31 00:00:00-05:00,23.797998907434394,23.944898548114704,23.780716015052946,23.900829315185547,64700,0.0,0.0,0.0
2019-02-01 00:00:00-05:00,23.970820541885942,23.99674487792222,23.87576629127342,23.936256408691406,47600,0.0,0.0,0.0
2019-02-04 00:00:00-05:00,23.867129165602154,24.057236039919005,23.867129165602154,24.01403045654297,209800,0.0,0.0,0.0
2019-02-05 00:00:00-05:00,24.195495627736083,24.29054988797928,24.178212735294167,24.264625549316406,102000,0.0,0.0,0.0
2019-02-06 00:00:00-05:00,24.238698088499227,24.246475883552442,24.11080865655193,24.1350040435791,102100,0.0,0.0,0.0
2019-02-07 00:00:00-05:00,23.944894757195677,24.03735640379197,23.841200715698335,23.875764846801758,140900,0.0,0.0,0.0
2019-02-08 00:00:00-05:00,23.77207526662941,23.875769327587104,23.76343382018504,23.858488082885742,90000,0.0,0.0,0.0
2019-02-11 00:00:00-05:00,23.841204825042354,23.90255695121463,23.7634334564209,23.7634334564209,138700,0.0,0.0,0.0
2019-02-12 00:00:00-05:00,24.039951915282675,24.109081834053942,24.005387779990677,24.0701961517334,290400,0.0,0.0,0.0
2019-02-13 00:00:00-05:00,24.195495906181172,24.204137352501576,24.083160400390625,24.083160400390625,39600,0.0,0.0,0.0
2019-02-14 00:00:00-05:00,24.16092832080504,24.25598257506018,24.109081294932803,24.178211212158203,43600,0.0,0.0,0.0
2019-02-15 00:00:00-05:00,24.338937342672917,24.454729080200195,24.325110700971145,24.454729080200195,73900,0.0,0.0,0.0
2019-02-19 00:00:00-05:00,24.351037646065823,24.644840216174924,24.351037646065823,24.57571029663086,97500,0.0,0.0,0.0
2019-02-20 00:00:00-05:00,24.62755815524861,24.76581799900204,24.62755815524861,24.697551727294922,95900,0.0,0.0,0.0
2019-02-21 00:00:00-05:00,24.63620037806265,24.705330302118405,24.601634591941075,24.688047409057617,54900,0.0,0.0,0.0
2019-02-22 00:00:00-05:00,24.783099722435008,24.834946749349946,24.731252695520066,24.800382614135742,53400,0.0,0.0,0.0
2019-02-25 00:00:00-05:00,24.876423552341617,24.92999952451879,24.783098250163928,24.85222816467285,201600,0.0,0.0,0.0
2019-02-26 00:00:00-05:00,24.817666229912604,25.016416207094583,24.817666229912604,24.99049186706543,764600,0.0,0.0,0.0
2019-02-27 00:00:00-05:00,24.88679229783373,24.92999952451879,24.783098250163928,24.85222816467285,93600,0.0,0.0,0.0
2019-02-28 00:00:00-05:00,24.83494640344136,24.886793429634157,24.774457931518555,24.774457931518555,79800,0.0,0.0,0.0
2019-03-01 00:00:00-05:00,24.92999839782715,25.025050995864113,24.869509931388965,24.92999839782715,68000,0.0,0.0,0.0
2019-03-04 00:00:00-05:00,24.964567833436853,24.98271437722375,24.804705188430255,24.878156661987305,79300,0.0,0.0,0.0
2019-03-05 00:00:00-05:00,24.83494835706186,24.981849649653363,24.83494835706186,24.9127197265625,152700,0.0,0.0,0.0
2019-03-06 00:00:00-05:00,24.94728389721746,24.94728389721746,24.800382614135742,24.800382614135742,92400,0.0,0.0,0.0
2019-03-07 00:00:00-05:00,24.757175021368813,24.757175021368813,24.51089958690488,24.523860931396484,92300,0.0,0.0,0.0
2019-03-08 00:00:00-05:00,24.42880823877079,24.54892153198584,24.40288390169165,24.49793815612793,73400,0.0,0.0,0.0
2019-03-11 00:00:00-04:00,24.549786752440085,24.722612380981445,24.549786752440085,24.722612380981445,85300,0.0,0.0,0.0
2019-03-12 00:00:00-04:00,24.722611630309586,24.774458658022784,24.688045846375925,24.713970184326172,82600,0.0,0.0,0.0
2019-03-13 00:00:00-04:00,24.852229214565867,24.93000057769729,24.809021986055498,24.916173934936523,126600,0.0,0.0,0.0
2019-03-14 00:00:00-04:00,24.912714353495698,25.00776859531501,24.90407290894967,24.93863868713379,77000,0.0,0.0,0.0
2019-03-15 00:00:00-04:00,25.146031205161414,25.232444012034332,25.102823977631353,25.22380256652832,178400,0.0,0.0,0.0
2019-03-18 00:00:00-04:00,25.249726092659408,25.30157476741585,25.205656861759866,25.25836753845215,64800,0.0,0.0,0.0
2019-03-19 00:00:00-04:00,25.405269513625242,25.445018846806427,25.282563617120452,25.310216903686523,90300,0.0,0.0,0.0
2019-03-20 00:00:00-04:00,25.275649273156006,25.414772753220664,25.152079735531462,25.26700782775879,95500,0.0,0.0,0.0
2019-03-21 00:00:00-04:00,25.11146625635008,25.31885601081407,25.11146625635008,25.25836753845215,104100,0.0,0.0,0.0
2019-03-22 00:00:00-04:00,25.04233466790339,25.10282313623081,24.826303482055664,24.826303482055664,84500,0.0,0.0,0.0
2019-03-25 00:00:00-04:00,24.878151028919653,24.921356604861547,24.783096784022995,24.90407371520996,105500,0.0,0.0,0.0
2019-03-26 00:00:00-04:00,25.04233475884638,25.128747563136713,24.990487735547042,25.033693313598633,128900,0.0,0.0,0.0
2019-03-27 00:00:00-04:00,25.094184183296143,25.11146542612302,24.93259261350763,25.042335510253906,143400,0.0,0.0,0.0
2019-03-28 00:00:00-04:00,25.095045493162136,25.120104529064637,24.981844710219775,25.077762603759766,108200,0.0,0.0,0.0
2019-03-29 00:00:00-04:00,25.232444417501025,25.232444417501025,25.076901692267757,25.206520080566406,235100,0.0,0.0,0.0
2019-04-01 00:00:00-04:00,25.351693486127527,25.45711649036313,25.31885665056031,25.42687225341797,91400,0.0,0.0,0.0
2019-04-02 00:00:00-04:00,25.431195139666627,25.50810121129661,25.353423769658864,25.46575927734375,123800,0.0,0.0,0.0
2019-04-03 00:00:00-04:00,25.647225316906283,25.707713791529322,25.604018086327454,25.645496368408203,61700,0.0,0.0,0.0
2019-04-04 00:00:00-04:00,25.61265711272042,25.621298558019795,25.526245956100986,25.560810089111328,78600,0.0,0.0,0.0
2019-04-05 00:00:00-04:00,25.560812741721687,25.690431138289338,25.560812741721687,25.65673065185547,93000,0.0,0.0,0.0
2019-04-08 00:00:00-04:00,25.707715218828707,25.707715218828707,25.586738262865957,25.62994384765625,153400,0.0,0.0,0.0
2019-04-09 00:00:00-04:00,25.62130119955715,25.62130119955715,25.500324249267578,25.500324249267578,79800,0.0,0.0,0.0
2019-04-10 00:00:00-04:00,25.59537514932295,25.668824960017925,25.5435264789872,25.62129783630371,118500,0.0,0.0,0.0
2019-04-11 00:00:00-04:00,25.647222488187477,25.811406649903955,25.534885349259888,25.578092575073242,196100,0.0,0.0,0.0
2019-04-12 00:00:00-04:00,25.681790491605117,25.72845397287959,25.638584907466626,25.71635627746582,56800,0.0,0.0,0.0
2019-04-15 00:00:00-04:00,25.750917406301337,25.750917406301337,25.673146045389252,25.681787490844727,263000,0.0,0.0,0.0
2019-04-16 00:00:00-04:00,25.85461839921901,25.85461839921901,25.750922680701155,25.811412811279297,93500,0.0,0.0,0.0
2019-04-17 00:00:00-04:00,25.8200469444423,25.854612725759083,25.729314240766502,25.768199920654297,2816800,0.0,0.0,0.0
2019-04-18 00:00:00-04:00,25.83560172452416,25.87189480485602,25.743140075408032,25.802764892578125,75600,0.0,0.0,0.0
2019-04-22 00:00:00-04:00,25.71635273870386,25.87189545729841,25.71635273870386,25.78980255126953,127800,0.0,0.0,0.0
2019-04-23 00:00:00-04:00,25.699073083459616,25.863257267999693,25.699073083459616,25.828691482543945,97500,0.0,0.0,0.0
2019-04-24 00:00:00-04:00,25.794125327708002,25.820048016584824,25.68956597752637,25.7336368560791,340000,0.0,0.0,0.0
2019-04-25 00:00:00-04:00,25.604019868268054,25.75437906332201,25.604019868268054,25.724998474121094,88200,0.0,0.0,0.0
2019-04-26 00:00:00-04:00,25.73363311454555,25.87189292907715,25.714621277521232,25.87189292907715,158400,0.0,0.0,0.0
2019-04-29 00:00:00-04:00,25.82004550444807,25.915099749580836,25.768198483551593,25.889175415039062,111800,0.0,0.0,0.0
2019-04-30 00:00:00-04:00,25.845972432949445,25.966949376578427,25.785483961134954,25.94102668762207,81100,0.0,0.0,0.0
2019-05-01 00:00:00-04:00,25.99287255465187,26.03607813311068,25.768199920654297,25.768199920654297,137700,0.0,0.0,0.0
2019-05-02 00:00:00-04:00,25.807949975358557,25.837330560665453,25.690429282318185,25.707712173461914,82400,0.0,0.0,0.0
2019-05-03 00:00:00-04:00,25.915103956422893,26.053363800048828,25.871898373360043,26.053363800048828,87200,0.0,0.0,0.0
2019-05-06 00:00:00-04:00,25.500323194232273,25.79412575979762,25.45711596506839,25.785484313964844,349400,0.0,0.0,0.0
2019-05-07 00:00:00-04:00,25.53488601259279,25.560810348754252,25.234170965143402,25.379344940185547,90700,0.0,0.0,0.0
2019-05-08 00:00:00-04:00,25.396622806420748,25.47353050641091,25.33613434493948,25.431188583374023,87000,0.0,0.0,0.0
2019-05-09 00:00:00-04:00,25.146030456071504,25.292931728923175,25.063937550303503,25.215160369873047,87600,0.0,0.0,0.0
2019-05-10 00:00:00-04:00,25.31021246270185,25.47439496387332,25.1546697578556,25.396623611450195,72100,0.0,0.0,0.0
2019-05-13 00:00:00-04:00,24.981846577763633,25.050112842275375,24.84185780023871,24.921358108520508,221100,0.0,0.0,0.0
2019-05-14 00:00:00-04:00,25.11837901021235,25.223802005943206,25.076900731980206,25.16849708557129,76600,0.0,0.0,0.0
2019-05-15 00:00:00-04:00,25.050976637389933,25.318854851954903,25.042335191992716,25.26700782775879,73500,0.0,0.0,0.0
2019-05-16 00:00:00-04:00,25.431190870205462,25.612656270967054,25.415636928452628,25.5262451171875,93600,0.0,0.0,0.0
2019-05-17 00:00:00-04:00,25.40526762815983,25.517604770005658,25.379344940185547,25.379344940185547,82900,0.0,0.0,0.0
2019-05-20 00:00:00-04:00,25.258365542977966,25.346507294188143,25.18318678352642,25.23244285583496,108700,0.0,0.0,0.0
2019-05-21 00:00:00-04:00,25.388850035655263,25.43983340970845,25.318854822475465,25.379344940185547,108600,0.0,0.0,0.0
2019-05-22 00:00:00-04:00,25.370701991750206,25.457113144128094,25.336136212249382,25.362060546875,87600,0.0,0.0,0.0
2019-05-23 00:00:00-04:00,25.102825509312265,25.19615246719678,25.085544265433008,25.12874984741211,77100,0.0,0.0,0.0
2019-05-24 00:00:00-04:00,25.318859100341797,25.396630473779233,25.281702362267506,25.318859100341797,145700,0.0,0.0,0.0
2019-05-28 00:00:00-04:00,25.379349193484988,25.44847911998046,25.17195776581112,25.180599212646484,96500,0.0,0.0,0.0
2019-05-29 00:00:00-04:00,24.973203625629235,24.974067275655692,24.834943804790683,24.90407371520996,74000,0.0,0.0,0.0
2019-05-30 00:00:00-04:00,24.99048848539887,25.042335510253906,24.93864146054384,25.042335510253906,148600,0.0,0.0,0.0
2019-05-31 00:00:00-04:00,24.75717777886255,24.86000819250711,24.713972193620073,24.809024810791016,74200,0.0,0.0,0.0
2019-06-03 00:00:00-04:00,24.878150223498597,25.033691280766078,24.878150223498597,24.93863868713379,217900,0.0,0.0,0.0
2019-06-04 00:00:00-04:00,25.059621423418218,25.2324470580271,25.013823240076203,25.146034240722656,661000,0.0,0.0,0.0
2019-06-05 00:00:00-04:00,25.33613846886505,25.33613846886505,25.180595743631784,25.206520080566406,87800,0.0,0.0,0.0
2019-06-06 00:00:00-04:00,25.40526762815983,25.478719089857055,25.353420604024084,25.379344940185547,72900,0.0,0.0,0.0
2019-06-07 00:00:00-04:00,25.663639794901094,25.828687604842465,25.663639794901094,25.690427780151367,124400,0.0,0.0,0.0
2019-06-10 00:00:00-04:00,25.776847022377503,25.837335504768113,25.73364143443779,25.811412811279297,127800,0.0,0.0,0.0
2019-06-11 00:00:00-04:00,25.98423424191409,26.04213011959359,25.883131132379663,25.8978214263916,103900,0.0,0.0,0.0
2019-06-12 00:00:00-04:00,25.768200325622388,25.915101602153044,25.750917434692383,25.750917434692383,145400,0.0,0.0,0.0
2019-06-13 00:00:00-04:00,25.863256838675778,25.88053973111676,25.742279887963576,25.776844024658203,86700,0.0,0.0,0.0
2019-06-14 00:00:00-04:00,25.647225238703367,25.678333126075415,25.57809531817535,25.612659454345703,82800,0.0,0.0,0.0
2019-06-17 00:00:00-04:00,25.66357913720683,25.733818083671206,25.627581321285266,25.646018981933594,138300,0.468,0.0,0.0
2019-06-18 00:00:00-04:00,25.944533863685482,26.058673193672366,25.909415229201564,26.01038360595703,105900,0.0,0.0,0.0
2019-06-19 00:00:00-04:00,26.07623643889739,26.171936445703068,25.970877173700973,26.1376953125,206600,0.0,0.0,0.0
2019-06-20 00:00:00-04:00,26.48011045548473,26.50645069090027,26.328218279716396,26.418651580810547,104600,0.0,0.0,0.0
2019-06-21 00:00:00-04:00,26.295731113877604,26.418648850522796,26.260610803619798,26.3747501373291,115800,0.0,0.0,0.0
2019-06-24 00:00:00-04:00,26.392308337619422,26.4801074377032,26.392308337619422,26.436208724975586,227400,0.0,0.0,0.0
2019-06-25 00:00:00-04:00,26.436211813959233,26.4537702963248,26.243053436279297,26.243053436279297,102200,0.0,0.0,0.0
2019-06-26 00:00:00-04:00,26.409871540276306,26.409871540276306,26.28695379075137,26.330852508544922,137600,0.0,0.0,0.0
2019-06-27 00:00:00-04:00,26.33787725601166,26.361583301676003,26.304513625906353,26.33963394165039,121300,0.0,0.0,0.0
2019-06-28 00:00:00-04:00,26.471330339238904,26.53278921382539,26.401968891650412,26.506450653076172,94500,0.0,0.0,0.0
2019-07-01 00:00:00-04:00,26.71716364201185,26.738235492336035,26.515226890585968,26.59424591064453,160000,0.0,0.0,0.0
2019-07-02 00:00:00-04:00,26.64692985153104,26.725948886868544,26.64692985153104,26.7171688079834,148700,0.0,0.0,0.0
2019-07-03 00:00:00-04:00,26.875204245619052,26.88398432364399,26.787405139998327,26.84271812438965,76800,0.0,0.0,0.0
2019-07-05 00:00:00-04:00,26.559130658768485,26.646929772731497,26.443236297233373,26.57405662536621,99200,0.0,0.0,0.0
2019-07-08 00:00:00-04:00,26.515227467378963,26.53190844215804,26.46605869913396,26.49766731262207,92500,0.0,0.0,0.0
2019-07-09 00:00:00-04:00,26.374751259776463,26.392309741024047,26.313290714209685,26.383529663085938,451800,0.0,0.0,0.0
2019-07-10 00:00:00-04:00,26.436208724975586,26.532786227902047,26.385284945493854,26.436208724975586,100900,0.0,0.0,0.0
2019-07-11 00:00:00-04:00,26.471327360231967,26.523128645072255,26.371236486614173,26.436208724975586,295800,0.0,0.0,0.0
2019-07-12 00:00:00-04:00,26.39231364013836,26.47133267862674,26.374755156296743,26.442359924316406,76300,0.0,0.0,0.0
2019-07-15 00:00:00-04:00,26.497667592645666,26.532786227902047,26.436208724975586,26.436208724975586,668700,0.0,0.0,0.0
2019-07-16 00:00:00-04:00,26.38353261930651,26.480989318322138,26.365974136091534,26.427433013916016,305300,0.0,0.0,0.0
2019-07-17 00:00:00-04:00,26.5152321285062,26.552107455200886,26.427433013916016,26.427433013916016,86400,0.0,0.0,0.0
2019-07-18 00:00:00-04:00,26.383530147232346,26.552982472752987,26.3484115094641,26.55034828186035,120500,0.0,0.0,0.0
2019-07-19 00:00:00-04:00,26.506450404255233,26.582835244042645,26.444991530245673,26.452014923095703,96600,0.0,0.0,0.0
2019-07-22 00:00:00-04:00,26.462550564140226,26.488890799820133,26.41074927287653,26.471330642700195,53100,0.0,0.0,0.0
2019-07-23 00:00:00-04:00,26.576689319087148,26.576689319087148,26.480110131706475,26.567909240722656,67300,0.0,0.0,0.0
2019-07-24 00:00:00-04:00,26.48888940979442,26.567908438058808,26.436210615827715,26.55034828186035,104100,0.0,0.0,0.0
2019-07-25 00:00:00-04:00,26.46254814834782,26.46254814834782,26.24305122827293,26.27817153930664,90100,0.0,0.0,0.0
2019-07-26 00:00:00-04:00,26.38352961263181,26.444990158081055,26.3659711314178,26.444990158081055,57900,0.0,0.0,0.0
2019-07-29 00:00:00-04:00,26.480108795137703,26.508204039708748,26.40986984639577,26.444990158081055,83700,0.0,0.0,0.0
2019-07-30 00:00:00-04:00,26.19915118856395,26.24304990050643,26.101694507393397,26.181591033935547,68100,0.0,0.0,0.0
2019-07-31 00:00:00-04:00,26.155256615944175,26.234273975020205,25.843569683162407,26.032337188720703,200800,0.0,0.0,0.0
2019-08-01 00:00:00-04:00,25.97087642560236,26.216713587560108,25.812838369674427,25.918197631835938,83500,0.0,0.0,0.0
2019-08-02 00:00:00-04:00,25.76893726570136,25.79791001346766,25.567878018125064,25.637239456176758,185500,0.0,0.0,0.0
2019-08-05 00:00:00-04:00,25.250928961549473,25.30009606328159,24.87339394510207,25.07533073425293,212600,0.0,0.0,0.0
2019-08-06 00:00:00-04:00,25.136788752812603,25.259708177573106,24.962947217071086,25.119230270385742,231600,0.0,0.0,0.0
2019-08-07 00:00:00-04:00,25.075328177438152,25.35628397276182,25.04020954033701,25.347505569458008,114700,0.0,0.0,0.0
2019-08-08 00:00:00-04:00,25.382629294472462,25.637246581665117,25.382629294472462,25.5582275390625,80200,0.0,0.0,0.0
2019-08-09 00:00:00-04:00,25.523107073852618,25.540667233136663,25.35628890991211,25.35628890991211,101400,0.0,0.0,0.0
2019-08-12 00:00:00-04:00,25.31238723804082,25.388772079937546,25.180689408008064,25.228099822998047,76600,0.0,0.0,0.0
2019-08-13 00:00:00-04:00,25.11922746422569,25.49676242560171,25.092887231584843,25.479202270507812,170600,0.0,0.0,0.0
2019-08-14 00:00:00-04:00,25.01211472632652,25.030552387913477,24.81193296512929,24.82071304321289,130000,0.0,0.0,0.0
2019-08-15 00:00:00-04:00,24.855831664676945,24.949776658018518,24.750474076999947,24.934850692749023,127400,0.0,0.0,0.0
2019-08-16 00:00:00-04:00,25.031429667989546,25.16576167966481,25.013869511980435,25.141178131103516,129400,0.0,0.0,0.0
2019-08-19 00:00:00-04:00,25.4353057326902,25.470426048193847,25.351897495312254,25.391407012939453,105600,0.0,0.0,0.0
2019-08-20 00:00:00-04:00,25.41774673618477,25.41774673618477,25.23336843277228,25.312387466430664,69900,0.0,0.0,0.0
2019-08-21 00:00:00-04:00,25.628459677864345,25.628459677864345,25.51519952685951,25.60211944580078,116700,0.0,0.0,0.0
2019-08-22 00:00:00-04:00,25.51432748763426,25.549447806881545,25.34838850068912,25.40896987915039,157300,0.0,0.0,0.0
2019-08-23 00:00:00-04:00,25.4265243554897,25.531883621991998,25.15259361184119,25.180688858032227,121400,0.0,0.0,0.0
2019-08-26 00:00:00-04:00,25.40018711853778,25.470426074990158,25.198250328065793,25.27726936340332,152600,0.0,0.0,0.0
2019-08-27 00:00:00-04:00,25.365066263993327,25.46164545504886,25.294827309033515,25.312387466430664,398700,0.0,0.0,0.0
2019-08-28 00:00:00-04:00,25.23336628139159,25.382624257284146,25.145567176520323,25.28604507446289,77600,0.0,0.0,0.0
2019-08-29 00:00:00-04:00,25.558221293801793,25.61090008445493,25.417743402307728,25.479202270507812,122400,0.0,0.0,0.0
2019-08-30 00:00:00-04:00,25.663581064930728,25.663581064930728,25.46164428800571,25.531883239746094,93000,0.0,0.0,0.0
2019-09-03 00:00:00-04:00,25.47042841676748,25.5582275390625,25.391409374164862,25.5582275390625,122100,0.0,0.0,0.0
2019-09-04 00:00:00-04:00,25.804058592574357,25.909417855964723,25.790889312636313,25.88307762145996,113100,0.0,0.0,0.0
2019-09-05 00:00:00-04:00,26.085015182695578,26.12715888932363,26.00599782605389,26.0147762298584,80300,0.0,0.0,0.0
2019-09-06 00:00:00-04:00,26.067459120599523,26.170182531085075,26.067459120599523,26.09379768371582,204900,0.0,0.0,0.0
2019-09-09 00:00:00-04:00,26.111352668439146,26.111352668439146,26.023553567980837,26.085012435913086,74700,0.0,0.0,0.0
2019-09-10 00:00:00-04:00,25.918198148804635,26.02355573843896,25.84269081563519,25.997217178344727,114500,0.0,0.0,0.0
2019-09-11 00:00:00-04:00,26.058676033100692,26.128914984350477,26.032335798396264,26.11135482788086,56100,0.0,0.0,0.0
2019-09-12 00:00:00-04:00,26.10257226439701,26.286071360535953,26.07623370682899,26.207931518554688,158200,0.0,0.0,0.0
2019-09-13 00:00:00-04:00,26.260613306548052,26.383531054908673,26.260613306548052,26.30451202392578,125900,0.0,0.0,0.0
2019-09-16 00:00:00-04:00,26.155254557012956,26.155254557012956,26.053406991770082,26.063064575195312,78000,0.0,0.0,0.0
2019-09-17 00:00:00-04:00,26.111355058296933,26.26939311866071,26.057798757609294,26.251832962036133,132500,0.0,0.0,0.0
2019-09-18 00:00:00-04:00,26.216711595953537,26.260610308319258,26.05867355203129,26.207931518554688,350000,0.0,0.0,0.0
2019-09-19 00:00:00-04:00,26.286951065063477,26.3659700886014,26.268513404546532,26.286951065063477,88400,0.0,0.0,0.0
2019-09-20 00:00:00-04:00,26.278172678473652,26.295732834751746,26.14384066474071,26.144718170166016,92900,0.0,0.0,0.0
2019-09-23 00:00:00-04:00,26.04989755372354,26.170181116202787,26.037605778366114,26.14647674560547,81700,0.0,0.0,0.0
2019-09-24 00:00:00-04:00,26.234273112438125,26.234273112438125,26.047262298620996,26.076236724853516,93400,0.0,0.0,0.0
2019-09-25 00:00:00-04:00,25.918198184332113,25.953316822715465,25.742599968529273,25.9094181060791,1703500,0.0,0.0,0.0
2019-09-26 00:00:00-04:00,26.041115894920914,26.065699444144173,25.952439281704354,25.997217178344727,171500,0.0,0.0,0.0
2019-09-27 00:00:00-04:00,26.058679628255355,26.076239787147642,25.900641547482632,25.97088050842285,347200,0.0,0.0,0.0
2019-09-30 00:00:00-04:00,25.94453642473734,26.1113545602314,25.94453642473734,26.05867576599121,328500,0.0,0.0,0.0
2019-10-01 00:00:00-04:00,26.032335888290472,26.032335888290472,25.760160160586274,25.821619033813477,160400,0.0,0.0,0.0
2019-10-02 00:00:00-04:00,25.452863155390066,25.496763545052286,25.234243736369528,25.347505569458008,91100,0.0,0.0,0.0
2019-10-03 00:00:00-04:00,25.365065385271922,25.514323368719378,25.250927715402092,25.498519897460938,104900,0.0,0.0,0.0
2019-10-04 00:00:00-04:00,25.593343955304633,25.74260194782458,25.558225314221083,25.733821868896484,3595300,0.0,0.0,0.0
2019-10-07 00:00:00-04:00,25.654797658038444,25.81283569760675,25.654797658038444,25.698698043823242,110600,0.0,0.0,0.0
2019-10-08 00:00:00-04:00,25.549445083448244,25.575783645447167,25.391407012939453,25.391407012939453,90500,0.0,0.0,0.0
2019-10-09 00:00:00-04:00,25.61090087890625,25.667091367395486,25.53275935855444,25.61090087890625,147200,0.0,0.0,0.0
2019-10-10 00:00:00-04:00,25.610903260208918,25.82688850568609,25.567004541659287,25.777721405029297,85900,0.0,0.0,0.0
2019-10-11 00:00:00-04:00,26.14647485573878,26.349289134476866,26.09379438690431,26.172813415527344,125100,0.0,0.0,0.0
2019-10-14 00:00:00-04:00,26.128916339676568,26.1991552945697,26.09906440705551,26.120136260986328,89600,0.0,0.0,0.0
2019-10-15 00:00:00-04:00,26.190372972333403,26.47132876783841,26.18159289439529,26.383529663085938,112100,0.0,0.0,0.0
2019-10-16 00:00:00-04:00,26.3484140205864,26.45025992191222,26.306270311545088,26.33963394165039,209200,0.0,0.0,0.0
2019-10-17 00:00:00-04:00,26.541569885630146,26.57669020025254,26.3967027743847,26.40987205505371,567300,0.0,0.0,0.0
2019-10-18 00:00:00-04:00,26.4010913861931,26.51786324790742,26.365972746984568,26.506450653076172,136800,0.0,0.0,0.0
2019-10-21 00:00:00-04:00,26.603028698220786,26.646929091394206,26.56791005831082,26.61180877685547,68800,0.0,0.0,0.0
2019-10-22 00:00:00-04:00,26.66448762252165,26.73472657268681,26.541568203761123,26.55034828186035,85500,0.0,0.0,0.0
2019-10-23 00:00:00-04:00,26.594248105202738,26.690825612977285,26.56790787146679,26.67326545715332,90100,0.0,0.0,0.0
2019-10-24 00:00:00-04:00,26.807597724114448,26.875202478369424,26.75140556337564,26.8400821685791,70900,0.0,0.0,0.0
2019-10-25 00:00:00-04:00,26.787406082747218,26.88398526979186,26.74350569107751,26.85764503479004,96300,0.0,0.0,0.0
2019-10-28 00:00:00-04:00,26.927885319449715,27.02446451127391,26.927885319449715,26.98056411743164,125700,0.0,0.0,0.0
2019-10-29 00:00:00-04:00,26.910322458530832,26.998121562766368,26.892762302758,26.963001251220703,1061700,0.0,0.0,0.0
2019-10-30 00:00:00-04:00,27.03324395852707,27.208840505907695,26.936664768959034,27.164941787719727,66200,0.0,0.0,0.0
2019-10-31 00:00:00-04:00,27.129820422461485,27.129820422461485,27.006902676593988,27.12104034423828,81100,0.0,0.0,0.0
2019-11-01 00:00:00-04:00,27.27030097426983,27.366880169479725,27.27030097426983,27.340539932250977,173300,0.0,0.0,0.0
2019-11-04 00:00:00-05:00,27.560035979267973,27.577596136843205,27.454678383074185,27.472238540649414,429400,0.0,0.0,0.0
2019-11-05 00:00:00-05:00,27.45467526353271,27.46345534132269,27.35809608247156,27.43272590637207,233000,0.0,0.0,0.0
2019-11-06 00:00:00-05:00,27.46345932076543,27.49857796238541,27.39409786841419,27.4283390045166,281000,0.0,0.0,0.0
2019-11-07 00:00:00-05:00,27.52491735429765,27.596911320990696,27.463458477378417,27.498577117919922,122400,0.0,0.0,0.0
2019-11-08 00:00:00-05:00,27.358100844824133,27.454680042697273,27.349320765505766,27.445899963378906,391400,0.0,0.0,0.0
2019-11-11 00:00:00-05:00,27.366876852755542,27.45028508192799,27.331756540706944,27.393217086791992,146000,0.0,0.0,0.0
2019-11-12 00:00:00-05:00,27.401997702741337,27.44589809634681,27.338783815355512,27.35809898376465,88600,0.0,0.0,0.0
2019-11-13 00:00:00-05:00,27.243962411669933,27.384440327632227,27.243962411669933,27.340539932250977,121400,0.0,0.0,0.0
2019-11-14 00:00:00-05:00,27.261518976881305,27.331757929919945,27.235180416134774,27.314199447631836,1129000,0.0,0.0,0.0
2019-11-15 00:00:00-05:00,27.3668809241425,27.47224020133401,27.358100844824133,27.445899963378906,129100,0.0,0.0,0.0
2019-11-18 00:00:00-05:00,27.472238556170993,27.55125591604658,27.402877105949802,27.498577117919922,111300,0.0,0.0,0.0
2019-11-19 00:00:00-05:00,27.59515631000946,27.637300018362307,27.453799218466422,27.498577117919922,248800,0.0,0.0,0.0
2019-11-20 00:00:00-05:00,27.358097611883228,27.401996328658598,27.20005955208597,27.322978973388672,144300,0.0,0.0,0.0
2019-11-21 00:00:00-05:00,27.287859250031506,27.287859250031506,27.164941500700916,27.22640037536621,147900,0.0,0.0,0.0
2019-11-22 00:00:00-05:00,27.38443895497152,27.402876617718793,27.24483855152575,27.305419921875,104400,0.0,0.0,0.0
2019-11-25 00:00:00-05:00,27.48979618293805,27.542476654052734,27.472237700528567,27.542476654052734,77800,0.0,0.0,0.0
2019-11-26 00:00:00-05:00,27.52315792358407,27.586373479808348,27.49857437526829,27.56881332397461,120800,0.0,0.0,0.0
2019-11-27 00:00:00-05:00,27.57759254952544,27.656611573706318,27.568812471879948,27.612712860107422,116800,0.0,0.0,0.0
2019-11-29 00:00:00-05:00,27.498574122677795,27.556521296693948,27.481013967005357,27.486282348632812,50800,0.0,0.0,0.0
2019-12-02 00:00:00-05:00,27.44589672006267,27.44589672006267,27.23517986520923,27.322978973388672,143200,0.0,0.0,0.0
2019-12-03 00:00:00-05:00,27.11226102987746,27.22640037536621,27.02446359442917,27.22640037536621,109700,0.0,0.0,0.0
2019-12-04 00:00:00-05:00,27.375658052062214,27.43711692603594,27.354586198895692,27.401996612548828,108900,0.0,0.0,0.0
2019-12-05 00:00:00-05:00,27.437115802224092,27.437115802224092,27.331756540706944,27.393217086791992,137400,0.0,0.0,0.0
2019-12-06 00:00:00-05:00,27.621491282074892,27.64783151502945,27.560032413142842,27.63905143737793,109300,0.0,0.0,0.0
2019-12-09 00:00:00-05:00,27.595154950505936,27.62149351095727,27.489795684814453,27.489795684814453,118800,0.0,0.0,0.0
2019-12-10 00:00:00-05:00,27.445897519540082,27.551255112721435,27.4107772053938,27.481016159057617,124400,0.0,0.0,0.0
2019-12-11 00:00:00-05:00,27.516136662972492,27.670663031950106,27.516136662972492,27.65310287475586,118900,0.0,0.0,0.0
2019-12-12 00:00:00-05:00,27.674174384593133,27.876111165931505,27.656614227617084,27.832212448120117,189300,0.0,0.0,0.0
2019-12-13 00:00:00-05:00,28.051708221435547,28.20360039117564,27.990247674571847,28.051708221435547,173800,0.0,0.0,0.0
2019-12-16 00:00:00-05:00,28.403207778930664,28.438620681068713,28.36601832109165,28.403207778930664,1417400,0.267,0.0,0.0
2019-12-17 00:00:00-05:00,28.32352357790945,28.350085789901858,28.25534909141104,28.279254913330078,475300,0.0,0.0,0.0
2019-12-18 00:00:00-05:00,28.270399725470824,28.288107866099303,28.182745611478726,28.234983444213867,208500,0.0,0.0,0.0
2019-12-19 00:00:00-05:00,28.19956938589154,28.231442688633596,28.119884440295127,28.21727752685547,287300,0.0,0.0,0.0
2019-12-20 00:00:00-05:00,28.358937160401197,28.3677929194908,28.31466849740067,28.323522567749023,186800,0.0,0.0,0.0
2019-12-23 00:00:00-05:00,28.403206500193868,28.403206500193868,28.35008208315502,28.36779022216797,114000,0.0,0.0,0.0
2019-12-24 00:00:00-05:00,28.367790160694188,28.385498299668765,28.33237388274504,28.35893440246582,68400,0.0,0.0,0.0
2019-12-26 00:00:00-05:00,28.43862051488942,28.509453073716255,28.425340254479963,28.48288917541504,89000,0.0,0.0,0.0
2019-12-27 00:00:00-05:00,28.624555587768555,28.65111610978881,28.589139306753246,28.624555587768555,110700,0.0,0.0,0.0
2019-12-30 00:00:00-05:00,28.659968527218304,28.659968527218304,28.394353174235523,28.420913696289062,148700,0.0,0.0,0.0
2019-12-31 00:00:00-05:00,28.465184430465975,28.58913803100586,28.4023193523502,28.58913803100586,328100,0.0,0.0,0.0
2020-01-02 00:00:00-05:00,28.75736051940629,28.77064077992878,28.662625517525505,28.766216278076172,106700,0.0,0.0,0.0
2020-01-03 00:00:00-05:00,28.474038385167834,28.633408273950018,28.45633024447176,28.500598907470703,108900,0.0,0.0,0.0
2020-01-06 00:00:00-05:00,28.42976556944288,28.61569595336914,28.420909811647153,28.61569595336914,209000,0.0,0.0,0.0
2020-01-07 00:00:00-05:00,28.527162867906576,28.55372339026591,28.48289082733102,28.50945472717285,289700,0.0,0.0,0.0
2020-01-08 00:00:00-05:00,28.491742364084967,28.659964609901778,28.491742364084967,28.61569595336914,112900,0.0,0.0,0.0
2020-01-09 00:00:00-05:00,28.66882636261944,28.69538688659668,28.61127405735849,28.69538688659668,119200,0.0,0.0,0.0
2020-01-10 00:00:00-05:00,28.721941404543866,28.73079716233959,28.58913543494596,28.61569595336914,191800,0.0,0.0,0.0
2020-01-13 00:00:00-05:00,28.695382655068666,28.80162811279297,28.6378337357768,28.80162811279297,422400,0.0,0.0,0.0
2020-01-14 00:00:00-05:00,28.72194761592685,28.872465133666992,28.72194761592685,28.872465133666992,169900,0.0,0.0,0.0
2020-01-15 00:00:00-05:00,28.86360778335163,28.935325247629994,28.845903019871024,28.854755401611328,199900,0.0,0.0,0.0
2020-01-16 00:00:00-05:00,28.969854625957108,29.04953956604004,28.90787782561286,29.04953956604004,599000,0.0,0.0,0.0
2020-01-17 00:00:00-05:00,29.084953053630628,29.123912312833063,29.053964652834587,29.11151695251465,659200,0.0,0.0,0.0
2020-01-21 00:00:00-05:00,29.00526666783512,29.00526666783512,28.8990212100359,28.90787696838379,243600,0.0,0.0,0.0
2020-01-22 00:00:00-05:00,29.111519811244627,29.111519811244627,28.996418578064024,29.058395385742188,334200,0.0,0.0,0.0
2020-01-23 00:00:00-05:00,28.890173159864002,28.961002349853516,28.743198622093576,28.961002349853516,210900,0.0,0.0,0.0
2020-01-24 00:00:00-05:00,29.022974153539632,29.045995071747136,28.766214584429807,28.83704376220703,142800,0.0,0.0,0.0
2020-01-27 00:00:00-05:00,28.288107391771742,28.34122843528398,28.15529802802631,28.261545181274414,314000,0.0,0.0,0.0
2020-01-28 00:00:00-05:00,28.367793608480557,28.47403907775879,28.279254591587843,28.47403907775879,248600,0.0,0.0,0.0
2020-01-29 00:00:00-05:00,28.553721103460134,28.580281623692297,28.43419538493318,28.5183048248291,236400,0.0,0.0,0.0
2020-01-30 00:00:00-05:00,28.252692753901908,28.491747596054424,28.21727815992078,28.465187072753906,230600,0.0,0.0,0.0
2020-01-31 00:00:00-05:00,28.270399187575205,28.270399187575205,27.93395127700061,28.075613021850586,431100,0.0,0.0,0.0
2020-02-03 00:00:00-05:00,28.11988289890439,28.22612836138158,28.066760167665795,28.102174758911133,667300,0.0,0.0,0.0
2020-02-04 00:00:00-05:00,28.474038130267232,28.562575455472526,28.465185748739685,28.527162551879883,290100,0.0,0.0,0.0
2020-02-05 00:00:00-05:00,28.86360428168822,28.86360428168822,28.730798306800132,28.83704376220703,390500,0.0,0.0,0.0
2020-02-06 00:00:00-05:00,28.899025280379586,28.899025280379586,28.823768211233826,28.881317138671875,399000,0.0,0.0,0.0
2020-02-07 00:00:00-05:00,28.704239384547108,28.704239384547108,28.56257762695924,28.606849670410156,154400,0.0,0.0,0.0
2020-02-10 00:00:00-05:00,28.580282167843848,28.677675247192383,28.571429786758657,28.677675247192383,267100,0.0,0.0,0.0
2020-02-11 00:00:00-05:00,28.83704376220703,28.86360428168822,28.775066965096162,28.83704376220703,218100,0.0,0.0,0.0
2020-02-12 00:00:00-05:00,28.93443864444388,28.93443864444388,28.845901322321012,28.925582885742188,123800,0.0,0.0,0.0
2020-02-13 00:00:00-05:00,28.71309217326604,28.810485254808377,28.655543251210286,28.74850845336914,281000,0.0,0.0,0.0
2020-02-14 00:00:00-05:00,28.792777114756827,28.792777114756827,28.677675893162945,28.74850845336914,263300,0.0,0.0,0.0
2020-02-18 00:00:00-05:00,28.606849610372695,28.704239324305252,28.53601704298606,28.597993850708008,215600,0.0,0.0,0.0
2020-02-19 00:00:00-05:00,28.77506892916372,28.845901489257812,28.721944509093152,28.845901489257812,233800,0.0,0.0,0.0
2020-02-20 00:00:00-05:00,28.651118972501134,28.695387639452203,28.447480402539988,28.571434020996094,216200,0.0,0.0,0.0
2020-02-21 00:00:00-05:00,28.54486935312967,28.552836833878885,28.420912375182713,28.48288917541504,184900,0.0,0.0,0.0
2020-02-24 00:00:00-05:00,27.385013738535047,27.517821419546905,27.278766580480784,27.37615966796875,291300,0.0,0.0,0.0
2020-02-25 00:00:00-05:00,27.44698601639029,27.45584008549611,26.862630965334166,26.951169967651367,351800,0.0,0.0,0.0
2020-02-26 00:00:00-05:00,27.06627203707528,27.26991057946052,26.891850405623376,26.915756225585938,441700,0.0,0.0,0.0
2020-02-27 00:00:00-05:00,26.526184365702946,26.74753103773481,26.127761369290244,26.15432357788086,362600,0.0,0.0,0.0
2020-02-28 00:00:00-05:00,25.55226419374793,25.968395391659495,25.357478012338877,25.95954132080078,681700,0.0,0.0,0.0
2020-03-02 00:00:00-05:00,25.994957016073172,26.35796546936035,25.805483619214648,26.35796546936035,888400,0.0,0.0,0.0
2020-03-03 00:00:00-05:00,26.685553657521623,27.030855606701248,26.04807586392555,26.26942253112793,1297900,0.0,0.0,0.0
2020-03-04 00:00:00-05:00,26.756387766604124,27.119396209716797,26.522645711746375,27.119396209716797,563400,0.0,0.0,0.0
2020-03-05 00:00:00-05:00,26.51733227557013,26.703262671519155,26.31900483115006,26.41108512878418,413000,0.0,0.0,0.0
2020-03-06 00:00:00-05:00,25.97724544818207,26.15078048172028,25.78600227566292,26.065784454345703,377200,0.0,0.0,0.0
2020-03-09 00:00:00-04:00,24.560625438461276,24.842179095334895,23.95944883602794,24.17105484008789,1000500,0.0,0.0,0.0
2020-03-10 00:00:00-04:00,25.021030268049348,25.029884338378906,24.197620303554135,25.029884338378906,421500,0.0,0.0,0.0
2020-03-11 00:00:00-04:00,24.31271915982214,24.33485517939705,23.480456837034342,23.68409538269043,607500,0.0,0.0,0.0
2020-03-12 00:00:00-04:00,22.046127585789076,22.046127585789076,20.97746692309334,21.293548583984375,786300,0.0,0.0,0.0
2020-03-13 00:00:00-04:00,22.630484318681066,22.683608738310692,21.296206545198828,22.603923797607422,654900,0.0,0.0,0.0
2020-03-16 00:00:00-04:00,19.903496071917047,21.027937781755156,19.74412616800407,20.346189498901367,1610300,0.0,0.0,0.0
2020-03-17 00:00:00-04:00,20.514409195908925,21.249280063902578,20.204523523895467,21.10761833190918,964300,0.0,0.0,0.0
2020-03-18 00:00:00-04:00,19.921203509759962,20.301920113700657,19.319140200155267,19.832664489746094,741700,0.0,0.0,0.0
2020-03-19 00:00:00-04:00,19.770685346261885,20.708309894175144,19.505070006346635,20.319625854492188,989900,0.0,0.0,0.0
2020-03-20 00:00:00-04:00,20.691487871106748,21.024392783129745,19.876932041562416,19.965469360351562,652200,0.0,0.0,0.0
2020-03-23 00:00:00-04:00,19.912347790484944,20.160256688252918,19.513924766517118,19.735271453857422,1548300,0.0,0.0,0.0
2020-03-24 00:00:00-04:00,20.957105837521027,21.488338260693155,20.86856681886879,21.311260223388672,703800,0.0,0.0,0.0
2020-03-25 00:00:00-04:00,21.559170309963246,22.48174325302058,21.399800405473094,22.0815486907959,414900,0.0,0.0,0.0
2020-03-26 00:00:00-04:00,22.329453701081185,23.247600361249333,22.285185038137897,23.197134017944336,594800,0.0,0.0,0.0
2020-03-27 00:00:00-04:00,22.302892375195484,22.904955626481673,22.10810621228455,22.497676849365234,744300,0.0,0.0,0.0
2020-03-30 00:00:00-04:00,22.621626043137987,23.011196604290674,22.435695675224274,22.984634399414062,468000,0.0,0.0,0.0
2020-03-31 00:00:00-04:00,22.68361043532849,23.11744976231335,22.64819415292583,22.887248992919922,641000,0.0,0.0,0.0
2020-04-01 00:00:00-04:00,22.24091570618899,22.462262391729823,21.993006810436427,22.02842140197754,365900,0.0,0.0,0.0
2020-04-02 00:00:00-04:00,22.116960592539197,22.586216177621885,22.04612972014381,22.479969024658203,596000,0.0,0.0,0.0
2020-04-03 00:00:00-04:00,22.161232046409957,22.263051325000447,21.88233473364566,22.063838958740234,426100,0.0,0.0,0.0
2020-04-06 00:00:00-04:00,22.69246161540727,23.126302608157438,22.621630743094403,23.037763595581055,578700,0.0,0.0,0.0
2020-04-07 00:00:00-04:00,23.799195926597857,23.799195926597857,23.144009911406908,23.179426193237305,661400,0.0,0.0,0.0
2020-04-08 00:00:00-04:00,23.329940062938814,23.5592542202752,23.135153906640056,23.453893661499023,822200,0.0,0.0,0.0
2020-04-09 00:00:00-04:00,23.76377923222456,24.00903172711597,23.677011713650174,23.92314910888672,508100,0.0,0.0,0.0
2020-04-13 00:00:00-04:00,23.89658928439318,23.89658928439318,23.507018623539004,23.719512939453125,436300,0.0,0.0,0.0
2020-04-14 00:00:00-04:00,24.09137218263451,24.259596134670343,24.029395381553197,24.16220474243164,649600,0.0,0.0,0.0
2020-04-15 00:00:00-04:00,23.453895143492584,23.53358008724242,23.290099065225135,23.38306427001953,594200,0.0,0.0,0.0
2020-04-16 00:00:00-04:00,23.56899647831249,23.56899647831249,23.206872939386244,23.471603393554688,440700,0.0,0.0,0.0
2020-04-17 00:00:00-04:00,24.055957748462674,24.153350830078125,23.839037254521312,24.153350830078125,636700,0.0,0.0,0.0
2020-04-20 00:00:00-04:00,23.843465853720698,24.144497488946158,23.74607276916504,23.74607276916504,1404800,0.0,0.0,0.0
2020-04-21 00:00:00-04:00,23.436188333544155,23.589360549420654,23.21484163028111,23.321088790893555,515500,0.0,0.0,0.0
2020-04-22 00:00:00-04:00,23.772634348514604,23.82221578988284,23.613264464836014,23.7814884185791,482100,0.0,0.0,0.0
2020-04-23 00:00:00-04:00,23.790341787551355,24.038248987086817,23.555713159609542,23.630971908569336,595000,0.0,0.0,0.0
2020-04-24 00:00:00-04:00,23.754926633695206,23.896588379781114,23.586702676940227,23.852319717407227,877400,0.0,0.0,0.0
2020-04-27 00:00:00-04:00,23.99397936433012,24.18876382597182,23.94970901708809,24.13564109802246,1084100,0.0,0.0,0.0
2020-04-28 00:00:00-04:00,24.596041361095654,24.61374781037615,24.244541745207197,24.286155700683594,4159900,0.0,0.0,0.0
2020-04-29 00:00:00-04:00,24.622604751489362,24.852805506397477,24.618178560838192,24.790828704833984,552400,0.0,0.0,0.0
2020-04-30 00:00:00-04:00,24.45438112080153,24.494223589401102,24.109079163358217,24.2153263092041,999400,0.0,0.0,0.0
2020-05-01 00:00:00-04:00,23.914293201156205,23.92314727015037,23.604407541324427,23.728361129760742,437200,0.0,0.0,0.0
2020-05-04 00:00:00-04:00,23.58670288125259,23.74607276916504,23.462749274539014,23.74607276916504,325100,0.0,0.0,0.0
2020-05-05 00:00:00-04:00,23.870025583502485,23.94528433418122,23.750499860277095,23.790342330932617,1575100,0.0,0.0,0.0
2020-05-06 00:00:00-04:00,23.98512685083101,23.98512685083101,23.648678944930037,23.692949295043945,448400,0.0,0.0,0.0
2020-05-07 00:00:00-04:00,24.011687856589152,24.153349592366226,23.923148849543207,24.020540237426758,382900,0.0,0.0,0.0
2020-05-08 00:00:00-04:00,24.28615672271821,24.418964385986328,24.22860611609697,24.418964385986328,315800,0.0,0.0,0.0
2020-05-11 00:00:00-04:00,24.224183552951708,24.445530254455313,24.202047531808297,24.42782211303711,277800,0.0,0.0,0.0
2020-05-12 00:00:00-04:00,24.48979575128743,24.50750389041493,24.073664614237778,24.11793327331543,478200,0.0,0.0,0.0
2020-05-13 00:00:00-04:00,24.22418206279682,24.234805933749424,23.746072406364203,23.861173629760742,522800,0.0,0.0,0.0
2020-05-14 00:00:00-04:00,23.400772160115302,23.76378059387207,23.281244745769847,23.76378059387207,339600,0.0,0.0,0.0
2020-05-15 00:00:00-04:00,23.684092317240815,23.799191835923434,23.560138729622462,23.737215042114258,329000,0.0,0.0,0.0
2020-05-18 00:00:00-04:00,24.33928371833411,24.715574133776734,24.32157557646217,24.675731658935547,676300,0.0,0.0,0.0
2020-05-19 00:00:00-04:00,24.50750440030456,24.649166138789695,24.36584266181942,24.374696731567383,575000,0.0,0.0,0.0
2020-05-20 00:00:00-04:00,24.861657939206538,25.003319673091617,24.78640088190431,24.870512008666992,482800,0.0,0.0,0.0
2020-05-21 00:00:00-04:00,24.790830081973482,24.866973737584665,24.54292117320689,24.631460189819336,261300,0.0,0.0,0.0
2020-05-22 00:00:00-04:00,24.427818730045782,24.49864959716797,24.295011065284324,24.49864959716797,247000,0.0,0.0,0.0
2020-05-26 00:00:00-04:00,25.091860825434075,25.20696036078397,25.029884022650194,25.047592163085938,460900,0.0,0.0,0.0
2020-05-27 00:00:00-04:00,25.206959462005393,25.206959462005393,24.93249005000272,25.18039894104004,395700,0.0,0.0,0.0
2020-05-28 00:00:00-04:00,25.446016311645508,25.685071151837626,25.384039506130804,25.446016311645508,451500,0.0,0.0,0.0
2020-05-29 00:00:00-04:00,25.428307588456434,25.428307588456434,25.08300728635373,25.3840389251709,401800,0.0,0.0,0.0
2020-06-01 00:00:00-04:00,25.605387615513383,25.932981491088867,25.56997133113057,25.932981491088867,647400,0.0,0.0,0.0
2020-06-02 00:00:00-04:00,26.021514693281485,26.127761840820312,25.95068382450264,26.127761840820312,452500,0.0,0.0,0.0
2020-06-03 00:00:00-04:00,26.402234648983892,26.738682585600884,26.384526507321663,26.694412231445312,392500,0.0,0.0,0.0
2020-06-04 00:00:00-04:00,26.49962483850201,26.725397709385653,26.49962483850201,26.561601638793945,643600,0.0,0.0,0.0
2020-06-05 00:00:00-04:00,26.986587096360854,27.114968577372004,26.85377942475053,26.915756225585938,1053600,0.0,0.0,0.0
2020-06-08 00:00:00-04:00,26.97773225023165,27.137102127075195,26.800655922759695,27.137102127075195,377800,0.0,0.0,0.0
2020-06-09 00:00:00-04:00,26.703262132701653,26.906900663796176,26.658993474199736,26.80950927734375,624400,0.0,0.0,0.0
2020-06-10 00:00:00-04:00,26.951171286558083,27.09283302170169,26.78294734279714,26.88919448852539,341700,0.0,0.0,0.0
2020-06-11 00:00:00-04:00,26.269425536215536,26.349110480623224,25.51684644388805,25.569969177246094,303900,0.0,0.0,0.0
2020-06-12 00:00:00-04:00,26.242864033502606,26.278280315858076,25.590334398648846,26.00381088256836,339100,0.0,0.0,0.0
2020-06-15 00:00:00-04:00,25.54153591047333,26.15969351402974,25.469865587507023,26.123857498168945,245100,0.344,0.0,0.0
2020-06-16 00:00:00-04:00,26.58971321776285,26.6165885186451,26.119376656016907,26.3836612701416,249900,0.0,0.0,0.0
2020-06-17 00:00:00-04:00,26.63450773381444,26.688261755528725,26.446373784080105,26.571796417236328,409100,0.0,0.0,0.0
2020-06-18 00:00:00-04:00,26.3209503374193,26.446374683596787,26.24032271961594,26.374704360961914,465000,0.0,0.0,0.0
2020-06-19 00:00:00-04:00,26.71513794373705,26.71513794373705,26.231363693548868,26.29407501220703,471200,0.0,0.0,0.0
2020-06-22 00:00:00-04:00,26.455329764729804,26.66138169815731,26.392616746562496,26.616586685180664,373900,0.0,0.0,0.0
2020-06-23 00:00:00-04:00,26.89431319853823,26.948065510470062,26.724095550539708,26.759931564331055,382500,0.0,0.0,0.0
2020-06-24 00:00:00-04:00,26.49116792695851,26.509085934760392,26.043227984443135,26.132816314697266,488100,0.0,0.0,0.0
2020-06-25 00:00:00-04:00,26.132817164255222,26.5001277923584,26.034269826896455,26.5001277923584,418500,0.0,0.0,0.0
2020-06-26 00:00:00-04:00,26.43741658142506,26.446375585654412,26.105940259960427,26.168651580810547,267000,0.0,0.0,0.0
2020-06-29 00:00:00-04:00,26.258240140402002,26.347828474711424,26.114899489009062,26.320951461791992,510800,0.0,0.0,0.0
2020-06-30 00:00:00-04:00,26.186567359143943,26.437414329936885,26.141774050567253,26.34782600402832,410700,0.0,0.0,0.0
2020-07-01 00:00:00-04:00,26.365746146986194,26.562839112948403,26.347828138601812,26.5001277923584,355100,0.0,0.0,0.0
2020-07-02 00:00:00-04:00,26.822642879710724,26.912231205433905,26.706177543644035,26.759931564331055,764900,0.0,0.0,0.0
2020-07-06 00:00:00-04:00,27.136198821849252,27.180992126464844,27.023316755159293,27.180992126464844,334000,0.0,0.0,0.0
2020-07-07 00:00:00-04:00,26.965983731833568,27.06452935303316,26.813684089519437,26.831602096557617,231000,0.0,0.0,0.0
2020-07-08 00:00:00-04:00,26.903271183194647,27.127241134643555,26.85847616765179,27.127241134643555,291200,0.0,0.0,0.0
2020-07-09 00:00:00-04:00,27.127241045247832,27.136200048326877,26.679301143826166,26.885353088378906,199200,0.0,0.0,0.0
2020-07-10 00:00:00-04:00,26.93910793928297,27.100366592407227,26.83160330970365,27.100366592407227,603900,0.0,0.0,0.0
2020-07-13 00:00:00-04:00,27.216828036481456,27.35479463530855,26.853997804894647,26.867435455322266,242900,0.0,0.0,0.0
2020-07-14 00:00:00-04:00,26.90327349125751,27.288500405444392,26.90327349125751,27.270584106445312,174300,0.0,0.0,0.0
2020-07-15 00:00:00-04:00,27.60205761104194,27.678208286599087,27.422882666872837,27.476634979248047,541600,0.0,0.0,0.0
2020-07-16 00:00:00-04:00,27.288497365751983,27.387044688668347,27.252663062990173,27.31537437438965,776900,0.0,0.0,0.0
2020-07-17 00:00:00-04:00,27.369128645742425,27.476634979248047,27.315376333367215,27.476634979248047,340500,0.0,0.0,0.0
2020-07-20 00:00:00-04:00,27.521428153351142,27.646852493286133,27.43184153608283,27.646852493286133,144100,0.0,0.0,0.0
2020-07-21 00:00:00-04:00,27.8081075251985,27.870818832640158,27.691642203874018,27.71851921081543,266700,0.0,0.0,0.0
2020-07-22 00:00:00-04:00,27.727483769916567,27.834988401716977,27.6289364334701,27.80811309814453,172800,0.0,0.0,0.0
2020-07-23 00:00:00-04:00,27.763317061196854,27.852905390254286,27.54830609671217,27.60205841064453,231800,0.0,0.0,0.0
2020-07-24 00:00:00-04:00,27.422883800063133,27.485595118551487,27.337774117467276,27.431842803955078,388600,0.0,0.0,0.0
2020-07-27 00:00:00-04:00,27.68268740953414,27.826028050833905,27.628935096235537,27.781234741210938,185100,0.0,0.0,0.0
2020-07-28 00:00:00-04:00,27.68268813416308,27.790194472329627,27.606539164059697,27.664770126342773,320500,0.0,0.0,0.0
2020-07-29 00:00:00-04:00,27.817065668671404,27.987283300324517,27.754354359313684,27.924571990966797,320400,0.0,0.0,0.0
2020-07-30 00:00:00-04:00,27.40496584796946,27.673729130252926,27.172036872571333,27.664770126342773,914200,0.0,0.0,0.0
2020-07-31 00:00:00-04:00,27.52142701888994,27.52142701888994,26.930146483765235,27.127241134643555,338600,0.0,0.0,0.0
2020-08-03 00:00:00-04:00,27.458717581434662,27.63789423833438,27.38704726042582,27.61101722717285,301300,0.0,0.0,0.0
2020-08-04 00:00:00-04:00,27.47663542702829,27.700605392456055,27.43184211744483,27.700605392456055,301700,0.0,0.0,0.0
2020-08-05 00:00:00-04:00,27.915616778585377,27.995350716311687,27.799153146644777,27.84394645690918,375500,0.0,0.0,0.0
2020-08-06 00:00:00-04:00,27.745397994683202,27.88873863220215,27.65581137780025,27.88873863220215,337200,0.0,0.0,0.0
2020-08-07 00:00:00-04:00,27.566223941242257,27.700605579656017,27.534868282570887,27.691646575927734,295000,0.0,0.0,0.0
2020-08-10 00:00:00-04:00,27.718521893656128,27.763315200805664,27.60205656105911,27.763315200805664,264900,0.0,0.0,0.0
2020-08-11 00:00:00-04:00,28.13958538629582,28.13958538629582,27.77227479187785,27.817068099975586,298500,0.0,0.0,0.0
2020-08-12 00:00:00-04:00,28.300847648091874,28.48898161666397,28.265011630027445,28.399394989013672,714100,0.0,0.0,0.0
2020-08-13 00:00:00-04:00,28.39939114654186,28.435225451002477,28.233652148551634,28.318761825561523,607500,0.0,0.0,0.0
2020-08-14 00:00:00-04:00,28.148544124765486,28.20229643572795,28.076873807230488,28.157503128051758,549000,0.0,0.0,0.0
2020-08-17 00:00:00-04:00,28.336677580588635,28.417306900024414,28.282925270549825,28.417306900024414,335600,0.0,0.0,0.0
2020-08-18 00:00:00-04:00,28.551691403207638,28.59648471194176,28.363555747262886,28.453144073486328,1366400,0.0,0.0,0.0
2020-08-19 00:00:00-04:00,28.614403258888384,28.623362262555304,28.300844965567116,28.345638275146484,917300,0.0,0.0,0.0
2020-08-20 00:00:00-04:00,28.094792240059906,28.32772120277147,28.01416291801532,28.300844192504883,722400,0.0,0.0,0.0
2020-08-21 00:00:00-04:00,28.014164018035782,28.193338967249755,27.95145270037313,28.17542266845703,294800,0.0,0.0,0.0
2020-08-24 00:00:00-04:00,28.623362123911647,28.623362123911647,28.408349454457497,28.51585578918457,429800,0.0,0.0,0.0
2020-08-25 00:00:00-04:00,28.63231806594429,28.63231806594429,28.34563679855766,28.488977432250977,560400,0.0,0.0,0.0
2020-08-26 00:00:00-04:00,28.515853386200966,28.712946323044154,28.488976377595275,28.703989028930664,661000,0.0,0.0,0.0
2020-08-27 00:00:00-04:00,28.784619034611918,28.784619034611918,28.36355443349158,28.506895065307617,308400,0.0,0.0,0.0
2020-08-28 00:00:00-04:00,28.596486482715157,28.62784214252171,28.462104839436307,28.623363494873047,1171900,0.0,0.0,0.0
2020-08-31 00:00:00-04:00,28.551694648276726,28.596487962101875,28.381476979981457,28.399394989013672,387900,0.0,0.0,0.0
2020-09-01 00:00:00-04:00,28.453143128205216,28.4979364354512,28.318761497712128,28.488977432250977,369700,0.0,0.0,0.0
2020-09-02 00:00:00-04:00,28.712946775304427,28.9279594300265,28.632317456972423,28.91899871826172,427900,0.0,0.0,0.0
2020-09-03 00:00:00-04:00,28.820452884593426,28.820452884593426,28.103751403055274,28.21125602722168,459500,0.0,0.0,0.0
2020-09-04 00:00:00-04:00,28.247092989893673,28.284719780491262,27.65581241085259,28.17542266845703,559200,0.0,0.0,0.0
2020-09-08 00:00:00-04:00,27.808110805360176,28.03208076335919,27.691645470297793,27.817068099975586,476500,0.0,0.0,0.0
2020-09-09 00:00:00-04:00,28.300842317209277,28.471059953441536,28.238131006164515,28.381471633911133,490900,0.0,0.0,0.0
2020-09-10 00:00:00-04:00,28.471058264978904,28.506892565412887,28.005200398052345,28.041034698486328,456600,0.0,0.0,0.0
2020-09-11 00:00:00-04:00,28.381476011654765,28.453146336582968,28.220217353377468,28.354598999023438,439800,0.0,0.0,0.0
2020-09-14 00:00:00-04:00,28.578566329594977,28.587525332975172,28.446872568291955,28.47106170654297,281700,0.0,0.0,0.0
2020-09-15 00:00:00-04:00,28.84733196394985,28.86972690977934,28.700406355663315,28.757741928100586,358100,0.0,0.0,0.0
2020-09-16 00:00:00-04:00,28.918997512748106,28.972751528565393,28.721906289771514,28.739824295043945,307600,0.0,0.0,0.0
2020-09-17 00:00:00-04:00,28.533773302529845,28.80253828031777,28.480020990474337,28.775659561157227,887800,0.0,0.0,0.0
2020-09-18 00:00:00-04:00,28.75773978405394,28.75773978405394,28.50958240914935,28.61440086364746,709600,0.0,0.0,0.0
2020-09-21 00:00:00-04:00,27.933534247986394,27.96936855375643,27.62445460334931,27.951452255249023,523300,0.0,0.0,0.0
2020-09-22 00:00:00-04:00,27.879784962974437,27.94249628644949,27.65581497413188,27.897701263427734,351500,0.0,0.0,0.0
2020-09-23 00:00:00-04:00,28.094789518425255,28.130623819887475,27.67372494214784,27.68268394470215,705500,0.0,0.0,0.0
2020-09-24 00:00:00-04:00,27.66476593959353,27.8797785833869,27.521425316234627,27.68268394470215,383400,0.0,0.0,0.0
2020-09-25 00:00:00-04:00,27.485594269839712,27.799152561354564,27.378087935211255,27.790193557739258,578600,0.0,0.0,0.0
2020-09-28 00:00:00-04:00,28.12166692844574,28.166461944580078,28.032080313687363,28.166461944580078,554200,0.0,0.0,0.0
2020-09-29 00:00:00-04:00,28.184377670288086,28.265006988938403,28.067914048212685,28.184377670288086,705300,0.0,0.0,0.0
2020-09-30 00:00:00-04:00,28.103750976116412,28.256050615334484,27.969367634817104,28.067914962768555,561000,0.0,0.0,0.0
2020-10-01 00:00:00-04:00,28.26500780573786,28.318761825561523,28.11270816708113,28.318761825561523,1818500,0.0,0.0,0.0
2020-10-02 00:00:00-04:00,28.005204284710494,28.327721577151237,27.9872862776293,28.282926559448242,647400,0.0,0.0,0.0
2020-10-05 00:00:00-04:00,28.48002000935809,28.668153949448882,28.47106100619827,28.659194946289062,425600,0.0,0.0,0.0
2020-10-06 00:00:00-04:00,28.58752584480779,28.596484848348386,28.21573659602656,28.282926559448242,967400,0.0,0.0,0.0
2020-10-07 00:00:00-04:00,28.506896598583364,28.574088270941477,28.417308271690953,28.52481460571289,339300,0.0,0.0,0.0
2020-10-08 00:00:00-04:00,28.659196306176824,28.757741928100586,28.60544399342248,28.757741928100586,341300,0.0,0.0,0.0
2020-10-09 00:00:00-04:00,28.910044883300877,29.020239095625854,28.86525157164775,29.017549514770508,267900,0.0,0.0,0.0
2020-10-12 00:00:00-04:00,29.1071422646352,29.23256491594149,29.0533882351421,29.223604202270508,674600,0.0,0.0,0.0
2020-10-13 00:00:00-04:00,29.008588001048278,29.008588001048278,28.874204668120147,28.954833984375,561500,0.0,0.0,0.0
2020-10-14 00:00:00-04:00,29.062339348906367,29.09817536094508,28.865248117713854,28.91899871826172,398800,0.0,0.0,0.0
2020-10-15 00:00:00-04:00,28.31876227885139,28.57856654380374,28.265008258167303,28.54273223876953,793000,0.0,0.0,0.0
2020-10-16 00:00:00-04:00,28.659196292480722,28.784620633854537,28.614402983332713,28.686073303222656,815100,0.0,0.0,0.0
2020-10-19 00:00:00-04:00,28.784620582825365,28.83837118670352,28.48897859145384,28.52481460571289,407300,0.0,0.0,0.0
2020-10-20 00:00:00-04:00,28.721908931538255,28.838370850255814,28.678906398431177,28.695030212402344,371200,0.0,0.0,0.0
2020-10-21 00:00:00-04:00,28.60544640681057,28.712951041389225,28.48898105913578,28.497940063476562,363000,0.0,0.0,0.0
2020-10-22 00:00:00-04:00,28.48002013780589,28.551690454652547,28.309802494511903,28.488977432250977,488300,0.0,0.0,0.0
2020-10-23 00:00:00-04:00,28.61440086364746,28.61440086364746,28.444183225734946,28.61440086364746,606700,0.0,0.0,0.0
2020-10-26 00:00:00-04:00,28.2829247770956,28.309801786023645,27.933532204806525,28.112707138061523,529400,0.0,0.0,0.0
2020-10-27 00:00:00-04:00,28.067914907496267,28.08583291413491,27.861862957417337,27.90665626525879,562400,0.0,0.0,0.0
2020-10-28 00:00:00-04:00,27.33329442472658,27.420194879524757,27.118283465807288,27.145158767700195,650600,0.0,0.0,0.0
2020-10-29 00:00:00-04:00,27.1720371461408,27.36913010788266,27.037655503646103,27.252666473388672,426100,0.0,0.0,0.0
2020-10-30 00:00:00-04:00,27.091406242431677,27.120971124787975,26.91223129911679,27.073488235473633,485100,0.0,0.0,0.0
2020-11-02 00:00:00-05:00,27.369127489395527,27.440797805786133,27.216827853471095,27.440797805786133,540700,0.0,0.0,0.0
2020-11-03 00:00:00-05:00,27.960408658773858,28.21573598223868,27.933533357491893,28.148544311523438,546600,0.0,0.0,0.0
2020-11-04 00:00:00-05:00,28.318761126832236,28.75774031660812,28.247090810924217,28.506895065307617,285400,0.0,0.0,0.0
2020-11-05 00:00:00-05:00,29.20568353643053,29.286312864582154,29.06234288832882,29.259437561035156,553700,0.0,0.0,0.0
2020-11-06 00:00:00-05:00,29.35798185997061,29.438611179780214,29.259434533813288,29.313188552856445,627100,0.0,0.0,0.0
2020-11-09 00:00:00-05:00,30.53158939379417,30.53158939379417,29.98510209436431,30.047813415527344,613200,0.0,0.0,0.0
2020-11-10 00:00:00-05:00,30.119478225708008,30.26281885846678,30.020930899903178,30.119478225708008,899500,0.0,0.0,0.0
2020-11-11 00:00:00-05:00,30.26281551360926,30.352405535125293,30.218022211606186,30.34344482421875,704500,0.0,0.0,0.0
2020-11-12 00:00:00-05:00,30.137397324962844,30.21802664740817,29.868634055981882,29.922388076782227,546100,0.0,0.0,0.0
2020-11-13 00:00:00-05:00,30.101559906712286,30.334490568469388,30.101559906712286,30.298654556274414,319000,0.0,0.0,0.0
2020-11-16 00:00:00-05:00,30.558461757467203,30.59877470968844,30.424078415042366,30.567419052124023,434900,0.0,0.0,0.0
2020-11-17 00:00:00-05:00,30.51366655741142,30.648046473994768,30.41511923474421,30.576377868652344,423600,0.0,0.0,0.0
2020-11-18 00:00:00-05:00,30.648049864949023,30.719721895731514,30.415122599926985,30.42407989501953,560200,0.0,0.0,0.0
2020-11-19 00:00:00-05:00,30.45095678950093,30.665966033935547,30.370327468460367,30.665966033935547,441900,0.0,0.0,0.0
2020-11-20 00:00:00-05:00,30.64805108951145,30.73316077508864,30.576382473375922,30.701805114746094,432400,0.0,0.0,0.0
2020-11-23 00:00:00-05:00,30.782432119062847,30.782432119062847,30.491270485008236,30.630130767822266,371300,0.0,0.0,0.0
2020-11-24 00:00:00-05:00,30.809307895953342,30.934730529785156,30.746596579037433,30.934730529785156,942900,0.0,0.0,0.0
2020-11-25 00:00:00-05:00,30.773470355321283,30.99744030963224,30.719719753493237,30.916810989379883,333100,0.0,0.0,0.0
2020-11-27 00:00:00-05:00,30.970563548309833,31.09957113813234,30.970563548309833,31.069110870361328,270400,0.0,0.0,0.0
2020-11-30 00:00:00-05:00,31.02431696929521,31.051192268425797,30.531583786010742,30.531583786010742,628500,0.0,0.0,0.0
2020-12-01 00:00:00-05:00,30.943690893443808,31.089717696184863,30.90785487917849,31.03327751159668,929700,0.0,0.0,0.0
2020-12-02 00:00:00-05:00,30.91681444816533,31.069115811240682,30.809309814971986,31.015361785888672,395400,0.0,0.0,0.0
2020-12-03 00:00:00-05:00,31.13182218121044,31.225889147484104,31.050297477106593,31.069110870361328,544600,0.0,0.0,0.0
2020-12-04 00:00:00-05:00,31.185577421718854,31.27516403573002,31.185577421718854,31.266206741333008,345700,0.0,0.0,0.0
2020-12-07 00:00:00-05:00,31.122869105497248,31.212455728135478,31.055677429763282,31.131826400756836,855200,0.0,0.0,0.0
2020-12-08 00:00:00-05:00,31.06911208949613,31.266206741333008,31.06911208949613,31.266206741333008,674800,0.0,0.0,0.0
2020-12-09 00:00:00-05:00,31.41850773713571,31.41850773713571,31.087033131908694,31.2930850982666,512500,0.0,0.0,0.0
2020-12-10 00:00:00-05:00,31.176620532776795,31.400590512778802,31.167663237281417,31.346839904785156,619100,0.0,0.0,0.0
2020-12-11 00:00:00-05:00,31.22141040600742,31.319957733154297,31.14078108538818,31.319957733154297,409700,0.0,0.0,0.0
2020-12-14 00:00:00-05:00,31.48047278332084,31.516544044795218,31.291103820497607,31.336191177368164,519300,0.228,0.0,0.0
2020-12-15 00:00:00-05:00,31.46243691628457,31.651805877685547,31.39931392915091,31.651805877685547,2593200,0.0,0.0,0.0
2020-12-16 00:00:00-05:00,31.687875136381532,31.814121102670768,31.614831353052224,31.778053283691406,475100,0.0,0.0,0.0
2020-12-17 00:00:00-05:00,32.07563756097929,32.145974118864274,32.01251456801262,32.05760192871094,1100600,0.0,0.0,0.0
2020-12-18 00:00:00-05:00,32.02152858268893,32.02152858268893,31.81412398500243,31.859214782714844,846600,0.0,0.0,0.0
2020-12-21 00:00:00-05:00,31.218959645264093,31.624752715511885,31.110749306512897,31.525558471679688,508800,0.0,0.0,0.0
2020-12-22 00:00:00-05:00,31.50752645667116,31.52556208852298,31.38128047365346,31.498510360717773,815100,0.0,0.0,0.0
2020-12-23 00:00:00-05:00,31.751003521522247,31.84118168417469,31.651809262577142,31.769039154052734,545800,0.0,0.0,0.0
2020-12-24 00:00:00-05:00,31.76903679037209,31.796088517182536,31.68787816999584,31.723949432373047,179800,0.0,0.0,0.0
2020-12-28 00:00:00-05:00,32.13876055394596,32.165812282375924,31.985462839582656,32.05760192871094,280400,0.0,0.0,0.0
2020-12-29 00:00:00-05:00,32.454375863252395,32.45707965985945,32.23795173661966,32.28303909301758,557700,0.0,0.0,0.0
2020-12-30 00:00:00-05:00,32.51749843176944,32.56258578758719,32.3732168291858,32.4002685546875,454000,0.0,0.0,0.0
2020-12-31 00:00:00-05:00,32.3641924298599,32.3641924298599,32.08735259800309,32.15678787231445,333700,0.0,0.0,0.0
2021-01-04 00:00:00-05:00,32.815074658709726,32.815074658709726,32.26500002539607,32.45437240600586,407100,0.0,0.0,0.0
2021-01-05 00:00:00-05:00,32.5084784685052,32.751954314648174,32.43724065364804,32.6888313293457,548900,0.0,0.0,0.0
2021-01-06 00:00:00-05:00,32.5896422979161,32.95936417381596,32.56259056844265,32.81508255004883,632500,0.0,0.0,0.0
2021-01-07 00:00:00-05:00,32.760976566064244,32.92329037033991,32.729411630851075,32.90525817871094,495100,0.0,0.0,0.0
2021-01-08 00:00:00-05:00,33.139709991769216,33.17578125,32.85114680581196,33.17578125,647200,0.0,0.0,0.0
2021-01-11 00:00:00-05:00,32.670799086074084,32.87820369356054,32.6527634541259,32.80606460571289,785900,0.0,0.0,0.0
2021-01-12 00:00:00-05:00,32.72490530291632,32.90525817871094,32.60767541765807,32.90525817871094,510200,0.0,0.0,0.0
2021-01-13 00:00:00-05:00,32.824104188882885,32.94133065073966,32.76368498658074,32.84213638305664,1030300,0.0,0.0,0.0
2021-01-14 00:00:00-05:00,32.86918572427607,33.05855468902182,32.842130557923205,32.968379974365234,677300,0.0,0.0,0.0
2021-01-15 00:00:00-05:00,32.65276074295262,32.684322236255106,32.39124926133504,32.589637756347656,468800,0.0,0.0,0.0
2021-01-19 00:00:00-05:00,32.824098785942,32.85115051269531,32.67530740890896,32.85115051269531,973000,0.0,0.0,0.0
2021-01-20 00:00:00-05:00,32.89623246389761,33.04862887814651,32.80876155916371,33.031497955322266,997200,0.0,0.0,0.0
2021-01-21 00:00:00-05:00,33.11266275481764,33.14873057799108,32.9232903434184,33.07659149169922,1151600,0.0,0.0,0.0
2021-01-22 00:00:00-05:00,32.85115167922862,32.98641719768824,32.78802868793281,32.9593620300293,787700,0.0,0.0,0.0
2021-01-25 00:00:00-05:00,32.85115048979055,33.022483825683594,32.65276198721815,33.022483825683594,493600,0.0,0.0,0.0
2021-01-26 00:00:00-05:00,33.067571183555984,33.067571183555984,32.923289574397394,33.022483825683594,389600,0.0,0.0,0.0
2021-01-27 00:00:00-05:00,32.41830024819991,32.63291837499208,32.152279033274134,32.24696350097656,731400,0.0,0.0,0.0
2021-01-28 00:00:00-05:00,32.310090557902534,32.562582476765435,32.24696413824241,32.436336517333984,699300,0.0,0.0,0.0
2021-01-29 00:00:00-05:00,31.967419322073344,32.01250667165019,31.530064807294927,31.69689178466797,816300,0.0,0.0,0.0
2021-02-01 00:00:00-05:00,32.12071965030459,32.18384263291207,31.9935724196159,32.102684020996094,646000,0.0,0.0,0.0
2021-02-02 00:00:00-05:00,32.2920570285395,32.4633903503418,32.20187888026622,32.4633903503418,686600,0.0,0.0,0.0
2021-02-03 00:00:00-05:00,32.47240763600694,32.47240763600694,32.26500304728951,32.4002685546875,402000,0.0,0.0,0.0
2021-02-04 00:00:00-05:00,32.23794910841005,32.3912467956543,32.16490532663677,32.3912467956543,712700,0.0,0.0,0.0
2021-02-05 00:00:00-05:00,32.45437570427894,32.46790156713758,32.31369916267055,32.418304443359375,896700,0.0,0.0,0.0
2021-02-08 00:00:00-05:00,32.643741867423316,32.70686484865208,32.547251424727584,32.66177749633789,1870900,0.0,0.0,0.0
2021-02-09 00:00:00-05:00,32.71588145845361,32.88721821586858,32.70686536382655,32.86918258666992,700800,0.0,0.0,0.0
2021-02-10 00:00:00-05:00,32.97739691477013,32.97739691477013,32.63472679839476,32.73392105102539,559500,0.0,0.0,0.0
2021-02-11 00:00:00-05:00,32.97739723809604,33.103643219065546,32.941325974977616,33.07659149169922,735800,0.0,0.0,0.0
2021-02-12 00:00:00-05:00,33.05855659912859,33.35613936659026,33.05855659912859,33.302032470703125,529400,0.0,0.0,0.0
2021-02-16 00:00:00-05:00,33.581583402395864,33.626670767426134,33.47336959838867,33.47336959838867,989100,0.0,0.0,0.0
2021-02-17 00:00:00-05:00,33.24792728308639,33.293014645336385,33.06757439414117,33.27498245239258,504900,0.0,0.0,0.0
2021-02-18 00:00:00-05:00,33.094627775889876,33.19382203144917,32.914274896686145,33.14873123168945,518700,0.0,0.0,0.0
2021-02-19 00:00:00-05:00,33.247920326517054,33.34531203575128,33.139709991769216,33.17578125,499900,0.0,0.0,0.0
2021-02-22 00:00:00-05:00,33.05855365292827,33.20283525582377,32.896236419677734,32.896236419677734,1272900,0.0,0.0,0.0
2021-02-23 00:00:00-05:00,32.932309623039714,33.11266249728416,32.65276249596357,33.058555603027344,484600,0.0,0.0,0.0
2021-02-24 00:00:00-05:00,32.72490267918989,33.02248197643927,32.59775200277954,33.013465881347656,479300,0.0,0.0,0.0
2021-02-25 00:00:00-05:00,33.00444669052375,33.0585535814719,32.35518119886975,32.4002685546875,597900,0.0,0.0,0.0
2021-02-26 00:00:00-05:00,32.35518012547568,32.35518012547568,31.95840315157532,31.994474411010742,601500,0.0,0.0,0.0
2021-03-01 00:00:00-05:00,32.382233678670445,32.625709533691406,32.32812678646196,32.625709533691406,611700,0.0,0.0,0.0
2021-03-02 00:00:00-05:00,32.60767338679833,32.66628660580443,32.49044350884135,32.589637756347656,1069800,0.0,0.0,0.0
2021-03-03 00:00:00-05:00,32.4002644728746,32.454371357006316,32.192859910286174,32.21089553833008,858700,0.0,0.0,0.0
2021-03-04 00:00:00-05:00,32.19286232449845,32.26500140213962,31.602206641585052,31.796085357666016,1140900,0.0,0.0,0.0
2021-03-05 00:00:00-05:00,31.90429655725746,31.958400001132464,31.444396644654137,31.89527702331543,1124500,0.0,0.0,0.0
2021-03-08 00:00:00-05:00,31.723948916820298,31.904301785830448,31.615738571392153,31.687877655029297,1284100,0.0,0.0,0.0
2021-03-09 00:00:00-05:00,32.156791018447436,32.31009214811956,32.120719759707576,32.255985260009766,587500,0.0,0.0,0.0
2021-03-10 00:00:00-05:00,32.40928635896633,32.40928635896633,32.21991739057863,32.37321853637695,853000,0.0,0.0,0.0
2021-03-11 00:00:00-05:00,32.616689066911995,32.76006940321685,32.52651435575114,32.70686721801758,599800,0.0,0.0,0.0
2021-03-12 00:00:00-05:00,32.44535313112885,32.67981286520813,32.409281873586735,32.643741607666016,1224000,0.0,0.0,0.0
2021-03-15 00:00:00-04:00,32.61668958182045,32.74293899536133,32.44084648431949,32.74293899536133,569100,0.0,0.0,0.0
2021-03-16 00:00:00-04:00,32.84213427952228,32.86918944894098,32.751959554647286,32.81508255004883,681600,0.0,0.0,0.0
2021-03-17 00:00:00-04:00,32.679818337132126,32.97739766182025,32.57160454638642,32.9593620300293,740000,0.0,0.0,0.0
2021-03-18 00:00:00-04:00,32.70686525698109,32.89623420303155,32.54454803466797,32.54454803466797,546200,0.0,0.0,0.0
2021-03-19 00:00:00-04:00,32.54454947106814,32.724001064976036,32.40297166804194,32.67079544067383,926700,0.0,0.0,0.0
2021-03-22 00:00:00-04:00,32.706873644861304,32.859270106249994,32.643750646656194,32.769996643066406,824500,0.0,0.0,0.0
2021-03-23 00:00:00-04:00,32.61669095862117,32.68883348368978,32.3551829051098,32.37321853637695,881000,0.0,0.0,0.0
2021-03-24 00:00:00-04:00,32.40928769543472,32.54004344755487,32.301077343314454,32.34616470336914,694600,0.0,0.0,0.0
2021-03-25 00:00:00-04:00,32.36419569883138,32.58963590675297,32.27402099164058,32.58061981201172,552900,0.0,0.0,0.0
2021-03-26 00:00:00-04:00,32.68883375880146,33.058555603027344,32.67981766306446,33.058555603027344,293100,0.0,0.0,0.0
2021-03-29 00:00:00-04:00,32.87820391887903,33.026995303512386,32.815080926600345,32.99543380737305,603300,0.0,0.0,0.0
2021-03-30 00:00:00-04:00,32.80606392502665,32.914274274525425,32.756466798184505,32.90525817871094,438100,0.0,0.0,0.0
2021-03-31 00:00:00-04:00,32.83311672875599,32.98190811416013,32.81508109659078,32.86016845703125,353500,0.0,0.0,0.0
2021-04-01 00:00:00-04:00,33.09462472693205,33.39130276072842,33.06756956157976,33.374168395996094,529200,0.0,0.0,0.0
2021-04-05 00:00:00-04:00,33.617649412282574,33.82505403216095,33.50492928583051,33.78898620605469,760100,0.0,0.0,0.0
2021-04-06 00:00:00-04:00,33.46434613259367,33.54550474775541,33.40122314746173,33.491397857666016,522200,0.0,0.0,0.0
2021-04-07 00:00:00-04:00,33.437300179838985,33.54551053875355,33.401228913552366,33.48238754272461,579700,0.0,0.0,0.0
2021-04-08 00:00:00-04:00,33.80701919057232,33.90621000452531,33.77094792734669,33.897193908691406,520800,0.0,0.0,0.0
2021-04-09 00:00:00-04:00,33.87013954467875,34.01442114640492,33.861120009601954,34.005401611328125,362600,0.0,0.0,0.0
2021-04-12 00:00:00-04:00,33.78898475238508,33.84308820918947,33.689790494983555,33.83407211303711,554000,0.0,0.0,0.0
2021-04-13 00:00:00-04:00,33.96031554296647,34.104597150161304,33.897192554815284,34.0955810546875,539800,0.0,0.0,0.0
2021-04-14 00:00:00-04:00,34.149686101449184,34.18214886259296,34.03245965509361,34.08656311035156,435600,0.0,0.0,0.0
2021-04-15 00:00:00-04:00,34.302983250774034,34.39766772637827,34.25338612927496,34.393157958984375,521700,0.0,0.0,0.0
2021-04-16 00:00:00-04:00,34.53743862138604,34.66819435271357,34.44726391561613,34.64564895629883,492400,0.0,0.0,0.0
2021-04-19 00:00:00-04:00,34.67270753885102,34.69975926526049,34.51039030050445,34.591548919677734,531800,0.0,0.0,0.0
2021-04-20 00:00:00-04:00,34.32101770238271,34.33905333139465,34.03154981267719,34.11361312866211,444300,0.0,0.0,0.0
2021-04-21 00:00:00-04:00,34.12262698996013,34.564491271972656,34.12262698996013,34.564491271972656,627200,0.0,0.0,0.0
2021-04-22 00:00:00-04:00,34.618594592367664,34.63663022013506,34.33905096183366,34.411190032958984,1274500,0.0,0.0,0.0
2021-04-23 00:00:00-04:00,34.57350515906101,34.825997052697524,34.46529483892308,34.726802825927734,787400,0.0,0.0,0.0
2021-04-26 00:00:00-04:00,34.7268105721062,34.762881833512935,34.672707119940924,34.708778381347656,735800,0.0,0.0,0.0
2021-04-27 00:00:00-04:00,34.58252845182894,34.672706604003906,34.52391523287379,34.672706604003906,1183200,0.0,0.0,0.0
2021-04-28 00:00:00-04:00,34.56449378507263,34.75386273115615,34.53743862138604,34.64564895629883,720200,0.0,0.0,0.0
2021-04-29 00:00:00-04:00,34.835028322475495,34.835028322475495,34.51940990914901,34.744850158691406,458300,0.0,0.0,0.0
2021-04-30 00:00:00-04:00,34.51940273889814,34.537438367908656,34.14517461674949,34.28494644165039,463800,0.0,0.0,0.0
2021-05-03 00:00:00-04:00,34.54646207663999,34.65467242383368,34.438248289501395,34.627620697021484,626600,0.0,0.0,0.0
2021-05-04 00:00:00-04:00,34.24888164341488,34.31200463688527,33.94228277229652,34.17674255371094,1331100,0.0,0.0,0.0
2021-05-05 00:00:00-04:00,34.474317079985106,34.660982237472666,34.42021019029541,34.600563049316406,550900,0.0,0.0,0.0
2021-05-06 00:00:00-04:00,34.59154915529199,34.79895375238201,34.465303177928064,34.78091812133789,563300,0.0,0.0,0.0
2021-05-07 00:00:00-04:00,34.93422428389026,35.23180363900621,34.88011738298491,35.213768005371094,418900,0.0,0.0,0.0
2021-05-10 00:00:00-04:00,35.24081290420544,35.249828998422394,34.943230195880126,34.97930145263672,934300,0.0,0.0,0.0
2021-05-11 00:00:00-04:00,34.366110135855806,34.58253083610721,34.284951513275274,34.54646301269531,555600,0.0,0.0,0.0
2021-05-12 00:00:00-04:00,34.33003846075349,34.47432007250563,33.96031661564209,34.05049133300781,721600,0.0,0.0,0.0
2021-05-13 00:00:00-04:00,34.08655980109479,34.34807127593639,34.05139324658023,34.29396438598633,952000,0.0,0.0,0.0
2021-05-14 00:00:00-04:00,34.62762144122561,34.90265880287694,34.573514546493456,34.85306167602539,496800,0.0,0.0,0.0
2021-05-17 00:00:00-04:00,34.69073934218796,34.780914046900065,34.636632455394,34.76287841796875,341700,0.0,0.0,0.0
2021-05-18 00:00:00-04:00,35.03340887655427,35.03340887655427,34.84403991699219,34.84403991699219,509600,0.0,0.0,0.0
2021-05-19 00:00:00-04:00,34.483339087448265,34.73402851307967,34.321021846685284,34.627620697021484,925700,0.0,0.0,0.0
2021-05-20 00:00:00-04:00,34.85306071808624,35.16867566215325,34.83502508700457,35.105552673339844,481600,0.0,0.0,0.0
2021-05-21 00:00:00-04:00,35.23179285104106,35.23179285104106,35.033404381746664,35.11456298828125,550700,0.0,0.0,0.0
2021-05-24 00:00:00-04:00,35.26787301795196,35.41215463936233,35.21376611994362,35.37608337402344,513200,0.0,0.0,0.0
2021-05-25 00:00:00-04:00,35.53839400591537,35.55642963522408,35.412148040698995,35.448219299316406,589900,0.0,0.0,0.0
2021-05-26 00:00:00-04:00,35.457241314701164,35.52938384398245,35.412153953872924,35.475276947021484,326900,0.0,0.0,0.0
2021-05-27 00:00:00-04:00,35.48429304320908,35.538399940170045,35.38510222536501,35.475276947021484,657300,0.0,0.0,0.0
2021-05-28 00:00:00-04:00,35.52938264679199,35.64210276503696,35.493311383366795,35.53839874267578,419500,0.0,0.0,0.0
2021-06-01 00:00:00-04:00,35.82696102631515,35.86483481993031,35.56725550437481,35.61955642700195,480400,0.0,0.0,0.0
2021-06-02 00:00:00-04:00,35.619552352807325,35.67997153854471,35.54740983610928,35.60151672363281,593700,0.0,0.0,0.0
2021-06-03 00:00:00-04:00,35.38509172509138,35.43468539932428,35.29220979417909,35.394107818603516,514500,0.0,0.0,0.0
2021-06-04 00:00:00-04:00,35.65562556594733,35.76383590698242,35.604225911951524,35.76383590698242,450800,0.0,0.0,0.0
2021-06-07 00:00:00-04:00,35.835983413613555,35.89008687168633,35.79991214826824,35.87205123901367,395300,0.0,0.0,0.0
2021-06-08 00:00:00-04:00,35.9532101225175,35.971245755318805,35.817948036425555,35.89008712768555,803100,0.0,0.0,0.0
2021-06-09 00:00:00-04:00,35.89008187818081,35.89008187818081,35.73317567969928,35.76383590698242,461700,0.0,0.0,0.0
2021-06-10 00:00:00-04:00,35.7893928457592,35.908052866309596,35.75288153452673,35.88979721069336,457300,0.478,0.0,0.0
2021-06-11 00:00:00-04:00,35.93542713008845,35.93542713008845,35.798514964325534,35.917171478271484,469500,0.0,0.0,0.0
2021-06-14 00:00:00-04:00,35.908053814699635,35.99932861328125,35.86241641540883,35.99932861328125,404800,0.0,0.0,0.0
2021-06-15 00:00:00-04:00,36.08147781207561,36.08147781207561,35.97194735591631,36.02671432495117,465400,0.0,0.0,0.0
2021-06-16 00:00:00-04:00,36.10886463996857,36.162715868952105,35.698121058755405,35.80765151977539,758400,0.0,0.0,0.0
2021-06-17 00:00:00-04:00,35.55207740222138,35.62509654506744,35.39690606556911,35.58858871459961,908300,0.0,0.0,0.0
2021-06-18 00:00:00-04:00,35.10482013900171,35.12307579394724,34.90401489842123,34.958778381347656,585600,0.0,0.0,0.0
2021-06-21 00:00:00-04:00,35.13220470700139,35.42520047730457,35.0728729590577,35.40603256225586,868600,0.0,0.0,0.0
2021-06-22 00:00:00-04:00,35.27824513658661,35.4973060197964,35.232604260833774,35.415157318115234,508500,0.0,0.0,0.0
2021-06-23 00:00:00-04:00,35.4334212171131,35.4334212171131,35.159593308428285,35.205230712890625,559500,0.0,0.0,0.0
2021-06-24 00:00:00-04:00,35.49730598345886,35.55207294516022,35.43797771971485,35.533817291259766,638100,0.0,0.0,0.0
2021-06-25 00:00:00-04:00,35.62509769779544,35.62509769779544,35.51556723902706,35.606842041015625,767900,0.0,0.0,0.0
2021-06-28 00:00:00-04:00,35.51556216456093,35.51556216456093,35.38960058811496,35.442543029785156,524600,0.0,0.0,0.0
2021-06-29 00:00:00-04:00,35.524688564274335,35.524688564274335,35.42428768831014,35.49730682373047,623200,0.0,0.0,0.0
2021-06-30 00:00:00-04:00,35.18696875923121,35.27368224953281,35.03636221773163,35.19609832763672,592800,0.0,0.0,0.0
2021-07-01 00:00:00-04:00,35.19610096453924,35.232608795166016,35.05005919630092,35.232608795166016,1077400,0.0,0.0,0.0
2021-07-02 00:00:00-04:00,35.24173515272116,35.40603256225586,35.141330793348835,35.40603256225586,612300,0.0,0.0,0.0
2021-07-06 00:00:00-04:00,35.43341668326585,35.43341668326585,35.086566186293574,35.26911926269531,721100,0.0,0.0,0.0
2021-07-07 00:00:00-04:00,35.46079832857666,35.57033226326279,35.333012220019825,35.506439208984375,805500,0.0,0.0,0.0
2021-07-08 00:00:00-04:00,34.967908901866714,35.10938587915892,34.846508619078016,35.06830978393555,718300,0.0,0.0,0.0
2021-07-09 00:00:00-04:00,35.32388329169396,35.615966796875,35.28280719901317,35.615966796875,656200,0.0,0.0,0.0
2021-07-12 00:00:00-04:00,35.6524797040978,35.78026580810547,35.62509448044602,35.78026580810547,410800,0.0,0.0,0.0
2021-07-13 00:00:00-04:00,35.64335384024455,35.73463212538737,35.57033469404085,35.63422775268555,526700,0.0,0.0,0.0
2021-07-14 00:00:00-04:00,35.798520818672586,35.798520818672586,35.6798608034119,35.72549819946289,399900,0.0,0.0,0.0
2021-07-15 00:00:00-04:00,35.51556529591973,35.59771400597917,35.37864961851722,35.506439208984375,586900,0.0,0.0,0.0
2021-07-16 00:00:00-04:00,35.50644095495249,35.53382269901532,35.26912090003972,35.31475830078125,590600,0.0,0.0,0.0
2021-07-19 00:00:00-04:00,34.88575913077668,34.92226695863963,34.63931301267345,34.81273651123047,1224200,0.0,0.0,0.0
2021-07-20 00:00:00-04:00,34.739721069945226,35.09569767333398,34.67582801199906,35.0500602722168,1011900,0.0,0.0,0.0
2021-07-21 00:00:00-04:00,35.26912079228053,35.55207824707031,35.232609479034664,35.55207824707031,627500,0.0,0.0,0.0
2021-07-22 00:00:00-04:00,35.634220313205475,35.634220313205475,35.451667262942635,35.54294204711914,566400,0.0,0.0,0.0
2021-07-23 00:00:00-04:00,35.780263637390156,35.86241233954132,35.700851716483044,35.82590103149414,986300,0.0,0.0,0.0
2021-07-26 00:00:00-04:00,35.72550413257908,35.81221763681401,35.72550413257908,35.798526763916016,580000,0.0,0.0,0.0
2021-07-27 00:00:00-04:00,35.63422775268555,35.63422775268555,35.44254857675146,35.63422775268555,600500,0.0,0.0,0.0
2021-07-28 00:00:00-04:00,35.64335408729013,35.84416283408558,35.570334940580324,35.80765151977539,447500,0.0,0.0,0.0
2021-07-29 00:00:00-04:00,36.026712993930445,36.12255257476781,36.026712993930445,36.03583908081055,511500,0.0,0.0,0.0
2021-07-30 00:00:00-04:00,35.97194274469084,36.044965360709924,35.862412302572196,35.94456100463867,407600,0.0,0.0,0.0
2021-08-02 00:00:00-04:00,36.15450059129308,36.20926407865054,36.008458821822465,36.05409622192383,692200,0.0,0.0,0.0
2021-08-03 00:00:00-04:00,36.2001375544147,36.30054192257195,36.063221873852925,36.291412353515625,551700,0.0,0.0,0.0
2021-08-04 00:00:00-04:00,36.373562552994585,36.45571126830911,36.28958931655834,36.309669494628906,430100,0.0,0.0,0.0
2021-08-05 00:00:00-04:00,36.52873463070464,36.53786071840732,36.46027678624741,36.51047897338867,328600,0.0,0.0,0.0
2021-08-06 00:00:00-04:00,36.391811896373525,36.400941464219336,36.236644062094044,36.300537109375,430500,0.0,0.0,0.0
2021-08-09 00:00:00-04:00,36.33704841693838,36.33704841693838,36.26402580181161,36.300537109375,395500,0.0,0.0,0.0
2021-08-10 00:00:00-04:00,36.32792811841572,36.34618377685547,36.26403505483201,36.34618377685547,479200,0.0,0.0,0.0
2021-08-11 00:00:00-04:00,36.51960140017814,36.53785705566406,36.419200517870934,36.53785705566406,539200,0.0,0.0,0.0
2021-08-12 00:00:00-04:00,36.49221934842919,36.505910219449966,36.39181498506321,36.48309326171875,426600,0.0,0.0,0.0
2021-08-13 00:00:00-04:00,36.683900206005355,36.793434143066406,36.610881063208375,36.793434143066406,402500,0.0,0.0,0.0
2021-08-16 00:00:00-04:00,36.54698657794241,36.656517028808594,36.410070902926996,36.656517028808594,401100,0.0,0.0,0.0
2021-08-17 00:00:00-04:00,36.37356403902353,36.40094926652087,36.163629198400834,36.32792663574219,457700,0.0,0.0,0.0
2021-08-18 00:00:00-04:00,36.33705611468636,36.41920483315163,36.17275867775582,36.181884765625,627200,0.0,0.0,0.0
2021-08-19 00:00:00-04:00,35.7893921597089,36.025799935783695,35.77570128873674,35.95368957519531,597500,0.0,0.0,0.0
2021-08-20 00:00:00-04:00,35.91717621376768,36.14993145273465,35.91717621376768,36.14536666870117,392300,0.0,0.0,0.0
2021-08-23 00:00:00-04:00,36.34618153945558,36.53786071840732,36.31058248540285,36.51047897338867,283400,0.0,0.0,0.0
2021-08-24 00:00:00-04:00,36.42832629572543,36.53785674580185,36.35986845871133,36.48309326171875,405100,0.0,0.0,0.0
2021-08-25 00:00:00-04:00,36.39182063387349,36.45480143587324,36.30967191308734,36.43745803833008,510800,0.0,0.0,0.0
2021-08-26 00:00:00-04:00,36.31879493709173,36.362607812408314,36.21839057623749,36.25490188598633,452000,0.0,0.0,0.0
2021-08-27 00:00:00-04:00,36.282286951395946,36.620007892738165,36.264031294849005,36.61088180541992,359900,0.0,0.0,0.0
2021-08-30 00:00:00-04:00,36.56524921357611,36.63370358224125,36.51504702194773,36.60175704956055,373200,0.0,0.0,0.0
2021-08-31 00:00:00-04:00,36.63826141988153,36.63826141988153,36.437452691446595,36.53785705566406,511900,0.0,0.0,0.0
2021-09-01 00:00:00-04:00,36.7295387628409,36.90296226267959,36.7295387628409,36.81168746948242,875200,0.0,0.0,0.0
2021-09-02 00:00:00-04:00,36.99423796558376,37.076386674245356,36.966856223333316,37.039878845214844,473400,0.0,0.0,0.0
2021-09-03 00:00:00-04:00,37.02162281189696,37.19504631423023,36.9759819327317,37.15853500366211,499900,0.0,0.0,0.0
2021-09-07 00:00:00-04:00,37.222430390220374,37.24798761283857,37.135720374571726,37.140281677246094,446000,0.0,0.0,0.0
2021-09-08 00:00:00-04:00,36.97598186807993,37.03074883383636,36.80255836604989,36.89383316040039,738400,0.0,0.0,0.0
2021-09-09 00:00:00-04:00,36.866448815559146,36.93034186347544,36.71128097973671,36.73866271972656,946600,0.0,0.0,0.0
2021-09-10 00:00:00-04:00,37.08551318120784,37.112894921197686,36.73866271972656,36.73866271972656,656500,0.0,0.0,0.0
2021-09-13 00:00:00-04:00,37.05813355776447,37.07638921448562,36.82081698421057,36.93034744262695,1143300,0.0,0.0,0.0
2021-09-14 00:00:00-04:00,37.07638991149908,37.07638991149908,36.82081767641943,36.866455078125,749700,0.0,0.0,0.0
2021-09-15 00:00:00-04:00,36.86644973710645,36.97141887954139,36.766045378753915,36.966854095458984,502600,0.0,0.0,0.0
2021-09-16 00:00:00-04:00,36.7660515503571,36.86554366497606,36.66564717515054,36.8299446105957,802700,0.0,0.0,0.0
2021-09-17 00:00:00-04:00,36.629133413666224,36.64738906819552,36.22751597784178,36.31879425048828,774300,0.0,0.0,0.0
2021-09-20 00:00:00-04:00,35.54294417962472,35.72184819912389,35.33300937789522,35.615966796875,1032700,0.0,0.0,0.0
2021-09-21 00:00:00-04:00,36.035839925478044,36.136244293064046,35.93543555789205,35.99932861328125,747800,0.0,0.0,0.0
2021-09-22 00:00:00-04:00,36.13624736245777,36.44658657866984,36.1271212745886,36.181884765625,1039800,0.0,0.0,0.0
2021-09-23 00:00:00-04:00,36.437456344124804,36.59262769035522,36.42833025642212,36.51047897338867,435400,0.0,0.0,0.0
2021-09-24 00:00:00-04:00,36.03584204868909,36.14537250982257,36.00480777968433,36.07235336303711,477600,0.0,0.0,0.0
2021-09-27 00:00:00-04:00,35.816779604214545,35.853287435100405,35.69081801240463,35.78939437866211,698300,0.0,0.0,0.0
2021-09-28 00:00:00-04:00,35.0956939391068,35.0956939391068,34.71233215030951,34.81273651123047,1049400,0.0,0.0,0.0
2021-09-29 00:00:00-04:00,34.94052265649221,34.95877831140122,34.67490862271801,34.69407653808594,818900,0.0,0.0,0.0
2021-09-30 00:00:00-04:00,34.75796961396332,34.84924439751937,34.538905258755065,34.575416564941406,1255700,0.0,0.0,0.0
2021-10-01 00:00:00-04:00,34.69408014492069,34.81730495788949,34.445809479786064,34.78535842895508,1033100,0.0,0.0,0.0
2021-10-04 00:00:00-04:00,34.67582228575134,34.68403611129929,34.27420486565662,34.4476318359375,1031100,0.0,0.0,0.0
2021-10-05 00:00:00-04:00,34.48414241332609,34.70320679466804,34.424814145127954,34.630184173583984,946100,0.0,0.0,0.0
2021-10-06 00:00:00-04:00,34.13729530015316,34.4841423034668,34.03689093743756,34.4841423034668,1222300,0.0,0.0,0.0
2021-10-07 00:00:00-04:00,34.65757231321744,34.88119801575831,34.65757231321744,34.78535842895508,629700,0.0,0.0,0.0
2021-10-08 00:00:00-04:00,34.849255158419965,34.8675108171502,34.69225927886868,34.75798034667969,614500,0.0,0.0,0.0
2021-10-11 00:00:00-04:00,34.684955657542716,34.83099743682437,34.55716953591011,34.5662956237793,614100,0.0,0.0,0.0
2021-10-12 00:00:00-04:00,34.666693995932675,34.71233139119595,34.538907896431475,34.6119270324707,842700,0.0,0.0,0.0
2021-10-13 00:00:00-04:00,34.89488544178396,35.113949819921935,34.84924804522902,35.104820251464844,894000,0.0,0.0,0.0
2021-10-14 00:00:00-04:00,35.46992523937424,35.5429443751161,35.392341319551626,35.524688720703125,357800,0.0,0.0,0.0
2021-10-15 00:00:00-04:00,35.661605790708265,35.78026580810547,35.62509448044602,35.78026580810547,607200,0.0,0.0,0.0
2021-10-18 00:00:00-04:00,35.524689168373335,35.67986049188404,35.46079611807778,35.67073440551758,800700,0.0,0.0,0.0
2021-10-19 00:00:00-04:00,35.85328273461482,35.99019839869561,35.79851925451049,35.94456100463867,781400,0.0,0.0,0.0
2021-10-20 00:00:00-04:00,36.00845733825996,36.0604840418702,35.9171790599075,36.03583908081055,521100,0.0,0.0,0.0
2021-10-21 00:00:00-04:00,35.85328421719396,35.981070318601496,35.81129934496584,35.96281814575195,377500,0.0,0.0,0.0
2021-10-22 00:00:00-04:00,36.136245035339385,36.273160717934566,36.063222409445835,36.200138092041016,739800,0.0,0.0,0.0
2021-10-25 00:00:00-04:00,36.1362433983087,36.218392107762256,36.04496860198711,36.15449905395508,848700,0.0,0.0,0.0
2021-10-26 00:00:00-04:00,36.382687988197134,36.382687988197134,36.186444050684784,36.25490188598633,657300,0.0,0.0,0.0
2021-10-27 00:00:00-04:00,36.28228351376806,36.346176564673456,36.10886001586914,36.10886001586914,764700,0.0,0.0,0.0
2021-10-28 00:00:00-04:00,36.32791977032647,36.53785457127473,36.309664116081834,36.52872848510742,739500,0.0,0.0,0.0
2021-10-29 00:00:00-04:00,36.28228775016091,36.332489936292596,36.18188337789755,36.309669494628906,678200,0.0,0.0,0.0
2021-11-01 00:00:00-04:00,36.419199678006706,36.57436752319336,36.34617705774698,36.57436752319336,671200,0.0,0.0,0.0
2021-11-02 00:00:00-04:00,36.49222198522799,36.56067982718861,36.451149369197914,36.51960372924805,428000,0.0,0.0,0.0
2021-11-03 00:00:00-04:00,36.537858743237855,36.87558316246058,36.44840846456256,36.84819793701172,502500,0.0,0.0,0.0
2021-11-04 00:00:00-04:00,36.78430488081508,36.84819793701172,36.702156168289335,36.84819793701172,1038100,0.0,0.0,0.0
2021-11-05 00:00:00-04:00,36.83906555175781,36.857321204965906,36.71127946121097,36.83906555175781,504000,0.0,0.0,0.0
2021-11-08 00:00:00-05:00,36.91209014745207,36.94860145927369,36.82081534980834,36.884708404541016,388000,0.0,0.0,0.0
2021-11-09 00:00:00-05:00,36.93034266960203,36.9394722377379,36.70215221294569,36.8208122253418,568100,0.0,0.0,0.0
2021-11-10 00:00:00-05:00,36.68389470428344,36.70215035772237,36.309662513560184,36.36442947387695,608000,0.0,0.0,0.0
2021-11-11 00:00:00-05:00,36.53785541328641,36.553374286611486,36.46483627653517,36.492218017578125,607000,0.0,0.0,0.0
2021-11-12 00:00:00-05:00,36.63825836388383,36.74778880575319,36.546983575977684,36.73866271972656,562100,0.0,0.0,0.0
2021-11-15 00:00:00-05:00,36.82081444606299,36.893833586003694,36.64739094203235,36.656517028808594,597500,0.0,0.0,0.0
2021-11-16 00:00:00-05:00,36.6382635492851,36.71128617547286,36.59262614887299,36.61088180541992,494700,0.0,0.0,0.0
2021-11-17 00:00:00-05:00,36.58350487252379,36.647397937885195,36.54242876941379,36.60175704956055,421300,0.0,0.0,0.0
2021-11-18 00:00:00-05:00,36.67476967181027,36.73866271972656,36.546983575977684,36.73866271972656,432700,0.0,0.0,0.0
2021-11-19 00:00:00-05:00,36.592626355848836,36.63643923542721,36.458450935475895,36.51960372924805,471300,0.0,0.0,0.0
2021-11-22 00:00:00-05:00,36.44657974053019,36.47396148091101,36.13167579851076,36.14536666870117,642800,0.0,0.0,0.0
2021-11-23 00:00:00-05:00,35.981070318601496,36.07234859239983,35.74375377054609,35.96281814575195,693800,0.0,0.0,0.0
2021-11-24 00:00:00-05:00,35.50643794495901,35.78026580810547,35.4151596693034,35.78026580810547,446100,0.0,0.0,0.0
2021-11-26 00:00:00-05:00,35.23260923420231,35.2828114190889,34.87663263730495,34.99529266357422,605600,0.0,0.0,0.0
2021-11-29 00:00:00-05:00,35.28737491852652,35.36039754185134,35.09569575516434,35.26911926269531,534300,0.0,0.0,0.0
2021-11-30 00:00:00-05:00,35.14133613516512,35.27825182455988,34.60280642914201,34.922271728515625,701000,0.0,0.0,0.0
2021-12-01 00:00:00-05:00,35.31475688459128,35.49730996214719,34.70320807897589,34.73971939086914,777700,0.0,0.0,0.0
2021-12-02 00:00:00-05:00,34.82186698643991,35.11395050841071,34.82186698643991,35.04092788696289,766400,0.0,0.0,0.0
2021-12-03 00:00:00-05:00,35.14132813975293,35.17783944620584,34.63930986270985,34.86750030517578,647800,0.0,0.0,0.0
2021-12-06 00:00:00-05:00,35.06831486738459,35.19427647086045,34.945093527672995,35.17784881591797,484300,0.0,0.0,0.0
2021-12-07 00:00:00-05:00,35.68899074352236,35.990203857421875,35.67073856865922,35.990203857421875,620500,0.0,0.0,0.0
2021-12-08 00:00:00-05:00,36.081479602758805,36.13624657451169,35.96282305349345,36.099735260009766,396200,0.0,0.0,0.0
2021-12-09 00:00:00-05:00,35.88980157117648,35.88980157117648,35.743759790413314,35.798526763916016,529700,0.0,0.0,0.0
2021-12-10 00:00:00-05:00,35.8350262776749,35.86241149902344,35.688984530818985,35.86241149902344,661200,0.0,0.0,0.0
2021-12-13 00:00:00-05:00,35.75451407496607,35.80062442843811,35.51750326976539,35.5516242980957,649300,0.403,0.0,0.0
2021-12-14 00:00:00-05:00,35.36718355547614,35.45018360875501,35.11357482234255,35.284183502197266,776400,0.0,0.0,0.0
2021-12-15 00:00:00-05:00,35.39484803227714,35.823680999389985,35.25651345527515,35.819068908691406,958700,0.0,0.0,0.0
2021-12-16 00:00:00-05:00,35.96662876863497,36.003518462972856,35.67151824992166,35.800628662109375,832700,0.0,0.0,0.0
2021-12-17 00:00:00-05:00,35.45940991769549,35.57007548937185,35.2011855597905,35.238075256347656,1014800,0.0,0.0,0.0
2021-12-20 00:00:00-05:00,35.05362690277672,35.15507179950425,34.924516495303415,35.145851135253906,795300,0.0,0.0,0.0
2021-12-21 00:00:00-05:00,35.36718213708087,35.57929611206055,35.26574075869265,35.57929611206055,798000,0.0,0.0,0.0
2021-12-22 00:00:00-05:00,35.53317492135137,35.9205095807053,35.492598378350046,35.911285400390625,776100,0.0,0.0,0.0
2021-12-23 00:00:00-05:00,35.892844651900674,36.14092306435122,35.88270227399045,36.07728958129883,656100,0.0,0.0,0.0
2021-12-27 00:00:00-05:00,36.08651563400754,36.39084679300097,36.05884660646661,36.38162612915039,1226900,0.0,0.0,0.0
2021-12-28 00:00:00-05:00,36.47384776122192,36.53379439074644,36.40007189456941,36.44618225097656,641500,0.0,0.0,0.0
2021-12-29 00:00:00-05:00,36.3816278322966,36.464627882815705,36.31707262833672,36.427738189697266,593100,0.0,0.0,0.0
2021-12-30 00:00:00-05:00,36.44617961958966,36.492289972667685,36.31799093831576,36.335514068603516,1009100,0.0,0.0,0.0
2021-12-31 00:00:00-05:00,36.3262868552752,36.48767483657551,36.264500324145445,36.31706619262695,894600,0.0,0.0,0.0
2022-01-03 00:00:00-05:00,36.501512185229004,36.501512185229004,36.257120642908255,36.464622497558594,1289600,0.0,0.0,0.0
2022-01-04 00:00:00-05:00,36.51995903711845,36.58451424131275,36.36318311778791,36.510738372802734,1012100,0.0,0.0,0.0
2022-01-05 00:00:00-05:00,36.519956094536376,36.52918027610363,36.049624856446776,36.05884552001953,1024300,0.0,0.0,0.0
2022-01-06 00:00:00-05:00,35.883626355884125,35.96662640368935,35.689960750336816,35.855960845947266,701300,0.0,0.0,0.0
2022-01-07 00:00:00-05:00,35.883627407647424,36.0127378151299,35.6899617964237,36.003517150878906,779700,0.0,0.0,0.0
2022-01-10 00:00:00-05:00,35.38562539360779,35.487070285432736,35.10895974553629,35.44095993041992,1344600,0.0,0.0,0.0
2022-01-11 00:00:00-05:00,35.468626116858005,35.855960845947266,35.367181223096665,35.855960845947266,1316700,0.0,0.0,0.0
2022-01-12 00:00:00-05:00,36.09573982788685,36.238682998515,36.06346222426131,36.21562957763672,599100,0.0,0.0,0.0
2022-01-13 00:00:00-05:00,36.27095826451777,36.27095826451777,35.80062352419686,35.82828903198242,2003000,0.0,0.0,0.0
2022-01-14 00:00:00-05:00,35.67151406727632,35.81261378947901,35.482457044458606,35.72684860229492,1562700,0.0,0.0,0.0
2022-01-18 00:00:00-05:00,35.34874434601912,35.429897456850746,35.1550751980916,35.238075256347656,1709300,0.0,0.0,0.0
2022-01-19 00:00:00-05:00,35.53318354675645,35.6438526294325,35.32568517322988,35.376407623291016,1539500,0.0,0.0,0.0
2022-01-20 00:00:00-05:00,35.55162654619406,35.75359462128561,35.23622776834729,35.24729537963867,1437200,0.0,0.0,0.0
2022-01-21 00:00:00-05:00,35.108963037666705,35.1827424270011,34.75851797431817,34.76774215698242,1615900,0.0,0.0,0.0
2022-01-24 00:00:00-05:00,34.12218359357148,34.44495959874526,33.48585224708834,34.40807342529297,2834000,0.0,0.0,0.0
2022-01-25 00:00:00-05:00,33.9746308219048,34.33429654473849,33.688740969347194,34.094520568847656,2387800,0.0,0.0,0.0
2022-01-26 00:00:00-05:00,34.50029344400686,34.60173833445401,33.79940691054535,33.993072509765625,2252900,0.0,0.0,0.0
2022-01-27 00:00:00-05:00,34.04840191818971,34.18212440218517,33.73485011598649,33.854736328125,1719700,0.0,0.0,0.0
2022-01-28 00:00:00-05:00,33.61496639934996,33.92852177564055,33.38441107907732,33.891632080078125,1529000,0.0,0.0,0.0
2022-01-31 00:00:00-05:00,34.00229215244931,34.537182097656824,33.96448074830912,34.527957916259766,844900,0.0,0.0,0.0
2022-02-01 00:00:00-05:00,34.69396144408549,34.795406341552734,34.41729578062604,34.795406341552734,1846300,0.0,0.0,0.0
2022-02-02 00:00:00-05:00,35.01674192045446,35.1043505467983,34.878407326024366,35.035186767578125,1140100,0.0,0.0,0.0
2022-02-03 00:00:00-05:00,34.63862871984413,34.712404584743304,34.35273888812263,34.40807342529297,1499700,0.0,0.0,0.0
2022-02-04 00:00:00-05:00,34.36196203633257,34.58790877428461,34.19596544880934,34.43574142456055,682500,0.0,0.0,0.0
2022-02-07 00:00:00-05:00,34.491070962389365,34.69856930518943,34.454181273626666,34.54640197753906,777800,0.0,0.0,0.0
2022-02-08 00:00:00-05:00,34.44496404019378,34.68474354752193,34.36196398273327,34.64785385131836,1200300,0.0,0.0,0.0
2022-02-09 00:00:00-05:00,35.13662630271427,35.24729537963867,35.07207110017238,35.24729537963867,803800,0.0,0.0,0.0
2022-02-10 00:00:00-05:00,34.62018295984974,35.164293581341056,34.6017381146134,34.68473815917969,1476600,0.0,0.0,0.0
2022-02-11 00:00:00-05:00,34.65707609143158,34.758517473311834,33.99491909828085,34.094520568847656,1496800,0.0,0.0,0.0
2022-02-14 00:00:00-05:00,33.983847404501766,34.02996127562961,33.67951625942574,33.92851638793945,1311400,0.0,0.0,0.0
2022-02-15 00:00:00-05:00,34.30662735144517,34.52334988373944,34.2512928161803,34.51873779296875,1045600,0.0,0.0,0.0
2022-02-16 00:00:00-05:00,34.417290171273386,34.74929032051303,34.37117982121104,34.666290283203125,1271400,0.0,0.0,0.0
2022-02-17 00:00:00-05:00,34.444959432146845,34.50029396904955,34.12218342853422,34.14984893798828,763700,0.0,0.0,0.0
2022-02-18 00:00:00-05:00,34.15907259995287,34.20518295433943,33.87318277396494,33.993072509765625,763300,0.0,0.0,0.0
2022-02-22 00:00:00-05:00,33.679523591261756,33.863968561942414,33.33830268219943,33.58729934692383,944400,0.0,0.0,0.0
2022-02-23 00:00:00-05:00,33.89163117494897,33.89163117494897,33.209185897249924,33.310630798339844,1017200,0.0,0.0,0.0
2022-02-24 00:00:00-05:00,32.176291272434135,33.12617781048723,32.07484639594418,33.061622619628906,2822400,0.0,0.0,0.0
2022-02-25 00:00:00-05:00,33.23684948998659,33.79018074614626,33.181514957172894,33.78096008300781,1105300,0.0,0.0,0.0
2022-02-28 00:00:00-05:00,33.22762605581116,33.72562630834651,33.17229503974795,33.421295166015625,1498900,0.0,0.0,0.0
2022-03-01 00:00:00-05:00,33.282958895391246,33.37517959613113,32.59037137137121,32.76651382446289,1028200,0.0,0.0,0.0
2022-03-02 00:00:00-05:00,33.10773878222093,33.33829405642025,32.96479211998122,33.273738861083984,1243900,0.0,0.0,0.0
2022-03-03 00:00:00-05:00,33.21841450385449,33.24608001947439,32.65124680767882,32.784969329833984,1055200,0.0,0.0,0.0
2022-03-04 00:00:00-05:00,31.97340974270886,32.03335637677647,31.692135491910292,32.01952362060547,1739200,0.0,0.0,0.0
2022-03-07 00:00:00-05:00,31.779745183056498,31.88119008902948,30.926691183367,31.09730339050293,1507000,0.0,0.0,0.0
2022-03-08 00:00:00-05:00,31.281739021009017,31.825849628081723,30.87596299054584,31.226408004760742,2488900,0.0,0.0,0.0
2022-03-09 00:00:00-05:00,31.98263234428946,32.56363270071195,31.79818739580671,32.39763259887695,1602900,0.0,0.0,0.0
2022-03-10 00:00:00-05:00,31.899633780673973,32.17629945730008,31.821245817262312,31.97340965270996,1414700,0.0,0.0,0.0
2022-03-11 00:00:00-05:00,32.25929793904269,32.296187632259326,31.65063207294735,31.669076919555664,1193600,0.0,0.0,0.0
2022-03-14 00:00:00-04:00,32.07485325767907,32.28512028916867,31.788966927859757,31.8350772857666,1424500,0.0,0.0,0.0
2022-03-15 00:00:00-04:00,31.927296739480237,32.10712959080442,31.77052082519543,32.074851989746094,1324900,0.0,0.0,0.0
2022-03-16 00:00:00-04:00,32.711184970028825,33.23685073852539,32.46679693074466,33.23685073852539,1603500,0.0,0.0,0.0
2022-03-17 00:00:00-04:00,33.098517484948026,33.64262812018489,33.098517484948026,33.55040740966797,1052000,0.0,0.0,0.0
2022-03-18 00:00:00-04:00,33.34751569611665,34.04379362962885,33.33183951307343,34.02073669433594,582900,0.0,0.0,0.0
2022-03-21 00:00:00-04:00,33.91007086156965,33.99307090273943,33.67029140130388,33.854736328125,661900,0.0,0.0,0.0
2022-03-22 00:00:00-04:00,34.02074064064855,34.154463141271236,33.97463028270844,34.10374069213867,819100,0.0,0.0,0.0
2022-03-23 00:00:00-04:00,33.69796474459665,33.845520001360285,33.619576784002334,33.67029571533203,979000,0.0,0.0,0.0
2022-03-24 00:00:00-04:00,33.753296159112246,33.92852044717537,33.670296106344146,33.91929626464844,1067700,0.0,0.0,0.0
2022-03-25 00:00:00-04:00,33.92851887689637,33.97462923341237,33.70257214937695,33.95618438720703,899400,0.0,0.0,0.0
2022-03-28 00:00:00-04:00,33.76251708242698,33.919292990302125,33.624182501835776,33.910072326660156,948400,0.0,0.0,0.0
2022-03-29 00:00:00-04:00,34.56485039437111,34.6570746258097,34.26973988975707,34.55562973022461,1026500,0.0,0.0,0.0
2022-03-30 00:00:00-04:00,34.44495695012845,34.59251218657526,34.35273624659706,34.463401794433594,1073700,0.0,0.0,0.0
2022-03-31 00:00:00-04:00,34.306627299561406,34.43573769698967,33.96540646093034,34.00229263305664,1138800,0.0,0.0,0.0
2022-04-01 00:00:00-04:00,34.22362937610207,34.29740524291992,34.04379652311484,34.29740524291992,1691400,0.0,0.0,0.0
2022-04-04 00:00:00-04:00,34.24207526940233,34.46340639461873,34.22363042263516,34.44496154785156,1970300,0.0,0.0,0.0
2022-04-05 00:00:00-04:00,34.38040556633417,34.491074644436594,34.01151919331027,34.12218475341797,1579400,0.0,0.0,0.0
2022-04-06 00:00:00-04:00,33.68874031767839,33.868573175616575,33.51351955091663,33.67951965332031,1162100,0.0,0.0,0.0
2022-04-07 00:00:00-04:00,33.707180948602605,33.86396036703968,33.476625670543775,33.77173614501953,1159800,0.0,0.0,0.0
2022-04-08 00:00:00-04:00,33.67029965162725,33.900854987148655,33.58729959011974,33.753299713134766,1157100,0.0,0.0,0.0
2022-04-11 00:00:00-04:00,33.53196215180457,33.57807250649626,33.28296201487598,33.30140686035156,855300,0.0,0.0,0.0
2022-04-12 00:00:00-04:00,33.43973606624766,33.53196028850088,33.09851523889664,33.17229461669922,1152200,0.0,0.0,0.0
2022-04-13 00:00:00-04:00,33.144622379477944,33.52273285909324,33.144622379477944,33.50429153442383,1297100,0.0,0.0,0.0
2022-04-14 00:00:00-04:00,33.541188368158124,33.59191082211426,33.31063303853758,33.3475227355957,1088400,0.0,0.0,0.0
2022-04-18 00:00:00-04:00,33.153855156283896,33.375186289646074,33.071776816447404,33.13541030883789,990300,0.0,0.0,0.0
2022-04-19 00:00:00-04:00,32.87718660884275,33.1999626159668,32.8310727352582,33.1999626159668,846300,0.0,0.0,0.0
2022-04-20 00:00:00-04:00,33.39363176796048,33.44896631134387,33.255300686494515,33.375186920166016,872600,0.0,0.0,0.0
2022-04-21 00:00:00-04:00,33.57807625252208,33.6020549061149,32.803410246097165,32.87718963623047,1668700,0.0,0.0,0.0
2022-04-22 00:00:00-04:00,32.867962145303494,32.867962145303494,32.31463084697638,32.35152053833008,916700,0.0,0.0,0.0
2022-04-25 00:00:00-04:00,31.95496211100117,32.213182889920205,31.705961995045985,32.1578483581543,1262000,0.0,0.0,0.0
2022-04-26 00:00:00-04:00,31.862745406367495,31.881190254639765,31.207969123679767,31.21718978881836,2167700,0.0,0.0,0.0
2022-04-27 00:00:00-04:00,31.383182867270346,31.641407167177587,31.200584890915998,31.420072555541992,3161500,0.0,0.0,0.0
2022-04-28 00:00:00-04:00,31.539969772965332,31.922692464178525,31.318635108771215,31.853525161743164,1362100,0.0,0.0,0.0
2022-04-29 00:00:00-04:00,31.945736956851643,32.1209612097752,31.40623848104777,31.447736740112305,1114500,0.0,0.0,0.0
2022-05-02 00:00:00-04:00,31.30941390991211,31.447744994430142,30.931303316770695,31.30941390991211,1425700,0.0,0.0,0.0
2022-05-03 00:00:00-04:00,31.44774412465199,31.563947016906518,31.318633708808047,31.456968307495117,1501400,0.0,0.0,0.0
2022-05-04 00:00:00-04:00,31.410854949449774,32.00291937645534,31.069630576719714,31.954965591430664,1455400,0.0,0.0,0.0
2022-05-05 00:00:00-04:00,31.50307326899341,31.50307326899341,30.64540734730113,30.848297119140625,1674700,0.0,0.0,0.0
2022-05-06 00:00:00-04:00,30.553187846134474,30.673074063312512,30.266376307080712,30.433298110961914,1537700,0.0,0.0,0.0
2022-05-09 00:00:00-04:00,29.870744182700907,29.907633875115444,29.39580082634654,29.455745697021484,1269300,0.0,0.0,0.0
2022-05-10 00:00:00-04:00,30.03674349775857,30.05518834348513,29.501855284669432,29.732412338256836,2985900,0.0,0.0,0.0
2022-05-11 00:00:00-04:00,29.833855156029596,30.239634745655067,29.55718949273618,29.612524032592773,1923000,0.0,0.0,0.0
2022-05-12 00:00:00-04:00,29.345076139563595,29.688143920450113,29.142188123757318,29.418853759765625,1608500,0.0,0.0,0.0
2022-05-13 00:00:00-04:00,29.8061881429402,30.238711507066743,29.77852263340357,30.202743530273438,1567900,0.0,0.0,0.0
2022-05-16 00:00:00-04:00,30.092079335500934,30.35030015084373,29.972189592094026,30.211965560913086,1290400,0.0,0.0,0.0
2022-05-17 00:00:00-04:00,30.774520763408017,30.866744995117188,30.60852066432623,30.866744995117188,1108300,0.0,0.0,0.0
2022-05-18 00:00:00-04:00,30.54396583481244,30.608521038801285,30.03674486718802,30.082855224609375,973400,0.0,0.0,0.0
2022-05-19 00:00:00-04:00,29.981407922876283,30.46096334118489,29.972187259329445,30.267297744750977,1517100,0.0,0.0,0.0
2022-05-20 00:00:00-04:00,30.654637251268152,30.663857916257484,30.11052654902679,30.507081985473633,1577800,0.0,0.0,0.0
2022-05-23 00:00:00-04:00,30.84830041431681,31.08807638283519,30.774521028314382,31.032745361328125,1117900,0.0,0.0,0.0
2022-05-24 00:00:00-04:00,30.92207560931535,31.041965349962556,30.75607551241758,30.958965301513672,903000,0.0,0.0,0.0
2022-05-25 00:00:00-04:00,30.700744358222366,31.005075522544573,30.68229951220365,30.875965118408203,1411400,0.0,0.0,0.0
2022-05-26 00:00:00-04:00,30.894413739041337,31.290969181907446,30.894413739041337,31.21718978881836,1008100,0.0,0.0,0.0
2022-05-27 00:00:00-04:00,31.466185808161732,31.696741104125977,31.466185808161732,31.696741104125977,1248200,0.0,0.0,0.0
2022-05-31 00:00:00-04:00,31.696739396689157,31.844294637437997,31.56025176644495,31.6506290435791,1096000,0.0,0.0,0.0
2022-06-01 00:00:00-04:00,31.715184077590752,31.74284958571489,31.097297609522204,31.226408004760742,972700,0.0,0.0,0.0
2022-06-02 00:00:00-04:00,31.46618322341463,31.93651795862367,31.3924073641235,31.92729377746582,1174800,0.0,0.0,0.0
2022-06-03 00:00:00-04:00,31.530740155003695,31.63218504535761,31.397017664809404,31.503074645996094,768700,0.0,0.0,0.0
2022-06-06 00:00:00-04:00,31.890411560860688,31.945742582690862,31.596222765748376,31.669076919555664,825300,0.0,0.0,0.0
2022-06-07 00:00:00-04:00,31.355519810388607,31.756687286205448,31.346299146597282,31.7520751953125,464300,0.0,0.0,0.0
2022-06-08 00:00:00-04:00,31.44773846055344,31.590685124915737,31.29557465099809,31.327852249145508,818100,0.0,0.0,0.0
2022-06-09 00:00:00-04:00,31.123440332581968,31.22706010673323,30.624181747436523,30.624181747436523,857100,0.713,0.0,0.0
2022-06-10 00:00:00-04:00,30.08725092696039,30.124929705162636,29.823492292709847,29.90827178955078,945900,0.0,0.0,0.0
2022-06-13 00:00:00-04:00,29.173515334755677,29.286555257299348,28.8814980801884,28.947437286376953,1577700,0.0,0.0,0.0
2022-06-14 00:00:00-04:00,28.890917084362354,28.99453685954953,28.368110832039488,28.598899841308594,1578400,0.0,0.0,0.0
2022-06-15 00:00:00-04:00,28.928598230611588,29.34778653881788,28.598902185641805,29.220617294311523,1694900,0.0,0.0,0.0
2022-06-16 00:00:00-04:00,28.476442578696794,28.73078107185445,28.38224293715225,28.561222076416016,1252600,0.0,0.0,0.0
2022-06-17 00:00:00-04:00,28.514122022117437,28.62716015011682,28.19384433160478,28.3634033203125,1170700,0.0,0.0,0.0
2022-06-21 00:00:00-04:00,28.796718093836283,28.947436790171874,28.763748491307158,28.777877807617188,1397100,0.0,0.0,0.0
2022-06-22 00:00:00-04:00,28.438759498934196,28.796715926614517,28.40107892933182,28.542377471923828,1540100,0.0,0.0,0.0
2022-06-23 00:00:00-04:00,28.514123153998103,28.608322795542648,28.26449383439875,28.561222076416016,1342100,0.0,0.0,0.0
2022-06-24 00:00:00-04:00,29.02279709676909,29.512633774390093,29.02279709676909,29.493793487548828,1233200,0.0,0.0,0.0
2022-06-27 00:00:00-04:00,29.53147456450609,29.700090283495612,29.441984098839313,29.51263427734375,751500,0.0,0.0,0.0
2022-06-28 00:00:00-04:00,29.69161124543497,29.776390734770647,29.26300462566396,29.27713394165039,866000,0.0,0.0,0.0
2022-06-29 00:00:00-04:00,29.399592968219984,29.44669368391037,29.211195495584196,29.23003578186035,864700,0.0,0.0,0.0
2022-06-30 00:00:00-04:00,28.768460938339178,29.173516332595874,28.67897047255786,29.13583755493164,1075700,0.0,0.0,0.0
2022-07-01 00:00:00-04:00,28.768460441747035,29.13583705199796,28.608321596843798,29.11699676513672,986700,0.0,0.0,0.0
2022-07-05 00:00:00-04:00,28.269203165863985,28.570640563964844,28.14203392665732,28.570640563964844,1539600,0.0,0.0,0.0
2022-07-06 00:00:00-04:00,28.551800272380177,28.71099763936647,28.41050171663385,28.645999908447266,724500,0.0,0.0,0.0
2022-07-07 00:00:00-04:00,28.853237250937966,29.079317092895508,28.853237250937966,29.079317092895508,554200,0.0,0.0,0.0
2022-07-08 00:00:00-04:00,28.86265753837577,29.093446554703142,28.75903955672817,29.013376235961914,520600,0.0,0.0,0.0
2022-07-11 00:00:00-04:00,28.65542171796056,28.735490245412755,28.52354329782343,28.561222076416016,681300,0.0,0.0,0.0
2022-07-12 00:00:00-04:00,28.542380134127157,28.775995375351354,28.477384199905128,28.570640563964844,1059400,0.0,0.0,0.0
2022-07-13 00:00:00-04:00,28.2315235859638,28.72136027346501,28.1985539816809,28.608322143554688,1088900,0.0,0.0,0.0
2022-07-14 00:00:00-04:00,27.996022531963344,28.22210056544671,27.765235325509042,28.1938419342041,900500,0.0,0.0,0.0
2022-07-15 00:00:00-04:00,28.28804557873215,28.65542221069336,28.259785146770227,28.65542221069336,1842700,0.0,0.0,0.0
2022-07-18 00:00:00-04:00,29.06047889040366,29.164096878963182,28.74962133130765,28.78730010986328,1023500,0.0,0.0,0.0
2022-07-19 00:00:00-04:00,29.277135828550026,29.517343199343347,29.248875398047247,29.50321388244629,1119400,0.0,0.0,0.0
2022-07-20 00:00:00-04:00,29.484371943670094,29.55031294448243,29.252643254022114,29.437273025512695,775600,0.0,0.0,0.0
2022-07-21 00:00:00-04:00,29.3053951070728,29.719870624568795,29.28655482081155,29.682191848754883,788600,0.0,0.0,0.0
2022-07-22 00:00:00-04:00,29.82349040229709,29.983629242100548,29.540893295212676,29.682191848754883,994800,0.0,0.0,0.0
2022-07-25 00:00:00-04:00,29.89885113597724,29.96479034423828,29.77639286302226,29.96479034423828,722400,0.0,0.0,0.0
2022-07-26 00:00:00-04:00,29.748132216488997,29.79523113727412,29.5597329399312,29.57857322692871,566500,0.0,0.0,0.0
2022-07-27 00:00:00-04:00,29.823490872467037,30.266228623043297,29.73871137966344,30.228548049926758,920300,0.0,0.0,0.0
2022-07-28 00:00:00-04:00,30.237966376522017,30.56766600094809,30.068409187735448,30.529985427856445,826000,0.0,0.0,0.0
2022-07-29 00:00:00-04:00,30.614764001954498,31.019821166992188,30.567665083711837,31.019821166992188,757300,0.0,0.0,0.0
2022-08-01 00:00:00-04:00,30.906783942057768,31.09047224393042,30.82200444939214,30.982141494750977,724000,0.0,0.0,0.0
2022-08-02 00:00:00-04:00,30.661863591872574,30.760772400373984,30.42636540208336,30.445205688476562,731200,0.0,0.0,0.0
2022-08-03 00:00:00-04:00,30.54882521053167,30.59592412941077,30.341585655363033,30.511144638061523,2346800,0.0,0.0,0.0
2022-08-04 00:00:00-04:00,30.605346809455742,30.79845345955566,30.59121389937474,30.765483856201172,617200,0.0,0.0,0.0
2022-08-05 00:00:00-04:00,30.332166808038792,30.52998442011448,30.26622760401356,30.4923038482666,754200,0.0,0.0,0.0
2022-08-08 00:00:00-04:00,30.699546835842522,30.803166623312542,30.492307260902486,30.548828125,843400,0.0,0.0,0.0
2022-08-09 00:00:00-04:00,30.56766778886717,30.57708613598235,30.322747642863177,30.369850158691406,827500,0.0,0.0,0.0
2022-08-10 00:00:00-04:00,30.944461167437513,31.14228238083977,30.859681674098617,31.06692123413086,729100,0.0,0.0,0.0
2022-08-11 00:00:00-04:00,31.18938220658806,31.28358004929252,30.996271957601355,31.02924156188965,616200,0.0,0.0,0.0
2022-08-12 00:00:00-04:00,30.99156506478022,31.208222981117398,30.92562585517401,31.198801040649414,777700,0.0,0.0,0.0
2022-08-15 00:00:00-04:00,30.897362002085348,31.008517177206183,30.85026308247494,30.982141494750977,733200,0.0,0.0,0.0
2022-08-16 00:00:00-04:00,30.840843840303236,31.057501738953167,30.803163268342256,31.019821166992188,729900,0.0,0.0,0.0
2022-08-17 00:00:00-04:00,30.737223961859975,30.977429522123536,30.63831515585431,30.79374122619629,757800,0.0,0.0,0.0
2022-08-18 00:00:00-04:00,30.756064361036877,30.831421911568505,30.632662823541924,30.7183837890625,672000,0.0,0.0,0.0
2022-08-19 00:00:00-04:00,30.511144503715105,30.511144503715105,30.285068256724024,30.35100746154785,761100,0.0,0.0,0.0
2022-08-22 00:00:00-04:00,30.096671070688128,30.096671070688128,29.832912436437585,29.90827178955078,814000,0.0,0.0,0.0
2022-08-23 00:00:00-04:00,29.814070749279885,30.124928290866364,29.79994143270597,29.92711067199707,1359000,0.0,0.0,0.0
2022-08-24 00:00:00-04:00,29.80465275544409,30.04015096443896,29.76697397629346,29.936532974243164,677000,0.0,0.0,0.0
2022-08-25 00:00:00-04:00,30.0401495203555,30.332168579101562,29.983630455992152,30.332168579101562,564200,0.0,0.0,0.0
2022-08-26 00:00:00-04:00,30.285069622645263,30.351008830443092,29.47495524865217,29.50321388244629,1059000,0.0,0.0,0.0
2022-08-29 00:00:00-04:00,29.34307389828292,29.52205302444154,29.314815265584805,29.380754470825195,7673800,0.0,0.0,0.0
2022-08-30 00:00:00-04:00,29.437274978425325,29.4561152656216,28.93801814797611,28.985118865966797,1024400,0.0,0.0,0.0
2022-08-31 00:00:00-04:00,28.96628027025355,29.060479915027024,28.73078205667425,28.749622344970703,1105100,0.0,0.0,0.0
2022-09-01 00:00:00-04:00,28.306883872361194,28.401083514867818,27.986606165863925,28.26920509338379,1671000,0.0,0.0,0.0
2022-09-02 00:00:00-04:00,28.495281245101836,28.730779437210114,28.024284860885277,28.118484497070312,1349900,0.0,0.0,0.0
2022-09-06 00:00:00-04:00,28.306881719352976,28.37282272178829,28.005444323625966,28.10906410217285,1255800,0.0,0.0,0.0
2022-09-07 00:00:00-04:00,27.93950609614912,28.37282371520996,27.9112456655445,28.37282371520996,975600,0.0,0.0,0.0
2022-09-08 00:00:00-04:00,28.01486544771944,28.39166220557104,27.996025160649694,28.37282371520996,1020600,0.0,0.0,0.0
2022-09-09 00:00:00-04:00,28.938017883212513,29.162212986696122,28.938017883212513,29.12641716003418,718900,0.0,0.0,0.0
2022-09-12 00:00:00-04:00,29.465533703284656,29.653931174213923,29.45611356023191,29.522052764892578,1067000,0.0,0.0,0.0
2022-09-13 00:00:00-04:00,28.985115181209494,29.1358338662021,28.504698699029902,28.542377471923828,897300,0.0,0.0,0.0
2022-09-14 00:00:00-04:00,28.598901999944047,28.74020056068629,28.450066246288085,28.608322143554688,749000,0.0,0.0,0.0
2022-09-15 00:00:00-04:00,28.39166004606641,28.617738083581596,28.24094135438962,28.288042068481445,691300,0.0,0.0,0.0
2022-09-16 00:00:00-04:00,28.024285759988228,28.184424607627935,27.911245833597803,28.0808048248291,765900,0.0,0.0,0.0
2022-09-19 00:00:00-04:00,27.788788296223224,28.193845497844958,27.77936815238217,28.184425354003906,939600,0.0,0.0,0.0
2022-09-20 00:00:00-04:00,27.73226713182772,27.76994590763266,27.45908837123038,27.64748764038086,1063000,0.0,0.0,0.0
2022-09-21 00:00:00-04:00,27.694586574853968,27.91501397142292,27.346050262451172,27.346050262451172,757100,0.0,0.0,0.0
2022-09-22 00:00:00-04:00,27.346049509991644,27.402568570529876,27.044610328134475,27.167070388793945,1241000,0.0,0.0,0.0
2022-09-23 00:00:00-04:00,26.592455688337676,26.597166658383912,26.11675012606016,26.319278717041016,1744300,0.0,0.0,0.0
2022-09-26 00:00:00-04:00,26.10262019407259,26.33811839920154,25.857703641842154,25.989582061767578,1905400,0.0,0.0,0.0
2022-09-27 00:00:00-04:00,26.18739802792793,26.319278236183507,25.7540822204401,25.923641204833984,2058300,0.0,0.0,0.0
2022-09-28 00:00:00-04:00,25.94248145173683,26.64520652651683,25.885960592552568,26.60187530517578,2336000,0.0,0.0,0.0
2022-09-29 00:00:00-04:00,26.21565868591436,26.3334077820237,25.951900063814342,26.309858322143555,1837200,0.0,0.0,0.0
2022-09-30 00:00:00-04:00,26.177980171464238,26.545356780055698,26.159139884688106,26.168560028076172,1492900,0.0,0.0,0.0
2022-10-03 00:00:00-04:00,26.479414890582746,26.856211604391337,26.4134756902548,26.74317169189453,1282300,0.0,0.0,0.0
2022-10-04 00:00:00-04:00,27.487351165150063,27.897117544586674,27.487351165150063,27.89240837097168,2246100,0.0,0.0,0.0
2022-10-05 00:00:00-04:00,27.44967037104094,27.817048794893996,27.2895315187739,27.656909942626953,2925300,0.0,0.0,0.0
2022-10-06 00:00:00-04:00,27.33663153921302,27.49205941722018,27.148232260171152,27.17649269104004,1559000,0.0,0.0,0.0
2022-10-07 00:00:00-04:00,26.96925164734772,27.035192649096132,26.573614620400164,26.667814254760742,1141300,0.0,0.0,0.0
2022-10-10 00:00:00-04:00,26.639557293308457,26.67723607139121,26.361669342701934,26.50767707824707,2848200,0.0,0.0,0.0
2022-10-11 00:00:00-04:00,26.3192777125519,26.62071510249555,26.121458302458528,26.20623779296875,1438200,0.0,0.0,0.0
2022-10-12 00:00:00-04:00,26.149720391804713,26.253340174942483,26.055520752289347,26.1214599609375,1537400,0.0,0.0,0.0
2022-10-13 00:00:00-04:00,25.51858631311738,26.67723708118148,25.452647101445095,26.545358657836914,1804600,0.0,0.0,0.0
2022-10-14 00:00:00-04:00,26.68665457098838,26.78556337865936,26.064939498901367,26.064939498901367,3084300,0.0,0.0,0.0
2022-10-17 00:00:00-04:00,26.69607632536133,26.92686355718957,26.69607632536133,26.809114456176758,1049200,0.0,0.0,0.0
2022-10-18 00:00:00-04:00,27.21417072466044,27.233011011391184,26.780854910105184,26.997512817382812,1245600,0.0,0.0,0.0
2022-10-19 00:00:00-04:00,26.73375320729825,26.837372983787045,26.4982550219754,26.65839385986328,1212700,0.0,0.0,0.0
2022-10-20 00:00:00-04:00,26.66781425843545,27.002223050297005,26.526515705229404,26.59245491027832,1173200,0.0,0.0,0.0
2022-10-21 00:00:00-04:00,26.37579772335308,27.106783240606482,26.300438373154705,27.072872161865234,1388500,0.0,0.0,0.0
2022-10-24 00:00:00-04:00,26.959835684396907,27.185913748824102,26.81853532200976,27.063453674316406,1411700,0.0,0.0,0.0
2022-10-25 00:00:00-04:00,27.242432596163656,27.704008865237196,27.242432596163656,27.656909942626953,2333000,0.0,0.0,0.0
2022-10-26 00:00:00-04:00,27.694589179885217,28.17971671500438,27.655025653027504,27.977188110351562,1270200,0.0,0.0,0.0
2022-10-27 00:00:00-04:00,27.817049047295225,28.043127111951442,27.666330337524414,27.666330337524414,2537700,0.0,0.0,0.0
2022-10-28 00:00:00-04:00,27.55328913437794,27.854726539998605,27.496770070001233,27.845306396484375,1411200,0.0,0.0,0.0
2022-10-31 00:00:00-04:00,27.534451782900437,27.628651431377037,27.49677300153511,27.581552505493164,1569400,0.0,0.0,0.0
2022-11-01 00:00:00-04:00,28.127905064089603,28.151454524313465,27.66161784613908,27.760526657104492,1581900,0.0,0.0,0.0
2022-11-02 00:00:00-04:00,27.826467948358086,28.203264705955256,27.37431004253282,27.393150329589844,1533800,0.0,0.0,0.0
2022-11-03 00:00:00-04:00,26.969254021365767,27.256562122937485,26.93816916341437,27.138813018798828,1019200,0.0,0.0,0.0
2022-11-04 00:00:00-04:00,27.986605917314105,28.306883620966982,27.835887209325545,28.259784698486328,1085500,0.0,0.0,0.0
2022-11-07 00:00:00-05:00,28.41050363843385,28.51223867732131,28.288045360959096,28.419923782348633,1091100,0.0,0.0,0.0
2022-11-08 00:00:00-05:00,28.617739974701966,28.909759031242945,28.523542133710578,28.74020004272461,968700,0.0,0.0,0.0
2022-11-09 00:00:00-05:00,28.580061229568518,28.777878851921756,28.3634033203125,28.3634033203125,1466100,0.0,0.0,0.0
2022-11-10 00:00:00-05:00,29.522055366060187,30.021312211593628,29.39959529229315,30.002471923828125,2486800,0.0,0.0,0.0
2022-11-11 00:00:00-05:00,30.341588528437377,30.77490437262365,30.256809029060282,30.699546813964844,1548100,0.0,0.0,0.0
2022-11-14 00:00:00-05:00,30.558245082171176,30.737226013629126,30.416948318481445,30.416948318481445,1145600,0.0,0.0,0.0
2022-11-15 00:00:00-05:00,30.878521994168224,30.944461200901202,30.31332776690923,30.614765167236328,1829200,0.0,0.0,0.0
2022-11-16 00:00:00-05:00,30.595925901074068,30.671287050378165,30.398108274276886,30.501728057861328,1250000,0.0,0.0,0.0
2022-11-17 00:00:00-05:00,30.068408944155536,30.445205688476562,30.068408944155536,30.445205688476562,1314400,0.0,0.0,0.0
2022-11-18 00:00:00-05:00,30.52998442011448,30.538461291084264,30.35289004452999,30.4923038482666,766400,0.0,0.0,0.0
2022-11-21 00:00:00-05:00,30.190866977681207,30.2568061828364,30.00246950533903,30.134347915649414,9491100,0.0,0.0,0.0
2022-11-22 00:00:00-05:00,30.247388316503546,30.53940377442074,30.233258999948486,30.529985427856445,1300400,0.0,0.0,0.0
2022-11-23 00:00:00-05:00,30.5299870392291,30.935044237800156,30.5299870392291,30.897363662719727,1057800,0.0,0.0,0.0
2022-11-25 00:00:00-05:00,30.906785445444793,31.104603073481215,30.906785445444793,31.038663864135742,282900,0.0,0.0,0.0
2022-11-28 00:00:00-05:00,30.878523655008713,31.01040207556791,30.62418516103707,30.680706024169922,1060400,0.0,0.0,0.0
2022-11-29 00:00:00-05:00,30.756067276000977,30.93504461971649,30.671287777732054,30.756067276000977,680600,0.0,0.0,0.0
2022-11-30 00:00:00-05:00,31.132862550408152,31.54639662975588,30.83990200186424,31.453140258789062,1019400,0.0,0.0,0.0
2022-12-01 00:00:00-05:00,31.829939291192417,31.905296850679857,31.641540002347483,31.773418426513672,1233400,0.0,0.0,0.0
2022-12-02 00:00:00-05:00,31.462557487985276,31.85819269551818,31.462557487985276,31.792253494262695,1401400,0.0,0.0,0.0
2022-12-05 00:00:00-05:00,31.698057329088954,31.801673512642008,31.3306771398081,31.406038284301758,1642800,0.0,0.0,0.0
2022-12-06 00:00:00-05:00,31.46255914932112,31.52849835405843,31.14228147198969,31.255319595336914,1946500,0.0,0.0,0.0
2022-12-07 00:00:00-05:00,31.198797983634783,31.32596901356977,31.06691957734447,31.15169906616211,1800400,0.0,0.0,0.0
2022-12-08 00:00:00-05:00,31.151702958752526,31.420170774652185,31.11402238269915,31.377782821655273,820300,0.0,0.0,0.0
2022-12-09 00:00:00-05:00,31.45314038034451,31.65190308330469,31.36364991057212,31.377782821655273,691700,0.0,0.0,0.0
2022-12-12 00:00:00-05:00,31.349517673349432,31.49081802368164,31.28357846810565,31.49081802368164,1187500,0.0,0.0,0.0
2022-12-13 00:00:00-05:00,32.339713999060265,32.44428155434023,31.84064289478227,31.94045639038086,1196000,0.303,0.0,0.0
2022-12-14 00:00:00-05:00,31.987985769873973,32.24464694029561,31.73132097316775,31.96897315979004,1607200,0.0,0.0,0.0
2022-12-15 00:00:00-05:00,31.531692620946224,31.55070523238112,31.018366617343446,31.13243865966797,1328300,0.0,0.0,0.0
2022-12-16 00:00:00-05:00,30.81873895054555,30.951827243286512,30.666641670841067,30.8282470703125,919400,0.0,0.0,0.0
2022-12-19 00:00:00-05:00,30.837751302015995,30.875776528190624,30.562077477962852,30.657136917114258,1098100,0.0,0.0,0.0
2022-12-20 00:00:00-05:00,30.628615507617752,30.847255087977487,30.604848838026296,30.704662322998047,900100,0.0,0.0,0.0
2022-12-21 00:00:00-05:00,30.87577384472416,31.17521431568285,30.87577384472416,31.13243865966797,908000,0.0,0.0,0.0
2022-12-22 00:00:00-05:00,30.932813539538422,30.932813539538422,30.492680442745886,30.742691040039062,1848100,0.0,0.0,0.0
2022-12-23 00:00:00-05:00,30.723675217743487,30.91855175659988,30.644774515614024,30.87577247619629,1278100,0.0,0.0,0.0
2022-12-27 00:00:00-05:00,30.92330345803186,31.070650289594408,30.87577374274403,30.951824188232422,957300,0.0,0.0,0.0
2022-12-28 00:00:00-05:00,31.01836770903687,31.12293526246663,30.619110107421875,30.619110107421875,648500,0.0,0.0,0.0
2022-12-29 00:00:00-05:00,30.970835177356914,31.2084873676327,30.961327059026484,31.12293243408203,724800,0.0,0.0,0.0
2022-12-30 00:00:00-05:00,30.94231561573341,31.01836606010676,30.733184146276248,30.790218353271484,899700,0.0,0.0,0.0
2023-01-03 00:00:00-05:00,31.113425945468002,31.279781762117814,30.81493556212422,30.951824188232422,818400,0.0,0.0,0.0
2023-01-04 00:00:00-05:00,31.455646514892578,31.522188843281437,31.217994305993805,31.455646514892578,857700,0.0,0.0,0.0
2023-01-05 00:00:00-05:00,31.122934648617424,31.22749857369986,31.046884201701218,31.075401306152344,811400,0.0,0.0,0.0
2023-01-06 00:00:00-05:00,31.303550680094496,31.935706455029234,31.099169626028573,31.892927169799805,939900,0.0,0.0,0.0
2023-01-09 00:00:00-05:00,32.18761733141728,32.396752445911986,32.06403716137176,32.08304977416992,1031200,0.0,0.0,0.0
2023-01-10 00:00:00-05:00,32.03551890296017,32.211379219018355,31.968976573702758,32.197120666503906,2060700,0.0,0.0,0.0
2023-01-11 00:00:00-05:00,32.32070616046205,32.44428634643555,32.20663409525568,32.44428634643555,2804900,0.0,0.0,0.0
2023-01-12 00:00:00-05:00,32.6534099228235,32.900570234680266,32.277922648379985,32.862545013427734,1391600,0.0,0.0,0.0
2023-01-13 00:00:00-05:00,32.69143747171317,33.01939868236896,32.69143747171317,33.014644622802734,1300900,0.0,0.0,0.0
2023-01-17 00:00:00-05:00,33.11921310424805,33.28081487118184,33.04316265419564,33.11921310424805,2350700,0.0,0.0,0.0
2023-01-18 00:00:00-05:00,33.52797781071936,33.56600303869788,33.04316521970645,33.05267333984375,1113200,0.0,0.0,0.0
2023-01-19 00:00:00-05:00,32.957605376147576,33.02415132837151,32.77223695013357,32.96711349487305,1064600,0.0,0.0,0.0
2023-01-20 00:00:00-05:00,32.919584807672734,33.26180456677617,32.8530424796565,33.252296447753906,522300,0.0,0.0,0.0
2023-01-23 00:00:00-05:00,33.15723367454975,33.44811971522305,33.12871294664141,33.41389846801758,1220400,0.0,0.0,0.0
2023-01-24 00:00:00-05:00,33.21427182967661,33.44241954866597,33.10019978332442,33.39488983154297,675600,0.0,0.0,0.0
2023-01-25 00:00:00-05:00,33.16674081176846,33.54698578640936,33.12871558904741,33.52797317504883,634600,0.0,0.0,0.0
2023-01-26 00:00:00-05:00,33.59451691513899,33.632542139459936,33.29982686607914,33.575504302978516,896200,0.0,0.0,0.0
2023-01-27 00:00:00-05:00,33.35686409821034,33.526073804973365,33.28081365094631,33.43291091918945,569900,0.0,0.0,0.0
2023-01-30 00:00:00-05:00,33.309336531243744,33.44242119625875,33.195260852986465,33.22378158569336,1046300,0.0,0.0,0.0
2023-01-31 00:00:00-05:00,33.09069560971412,33.3711234818452,32.986128055263535,33.35686492919922,674000,0.0,0.0,0.0
2023-02-01 00:00:00-05:00,33.309336062619906,33.78464050314947,33.06217572282488,33.66106033325195,1230200,0.0,0.0,0.0
2023-02-02 00:00:00-05:00,33.78463908684251,33.78463908684251,33.38063105458608,33.613529205322266,1125900,0.0,0.0,0.0
2023-02-03 00:00:00-05:00,33.30933313306297,33.632540269248395,33.26180341844727,33.36636734008789,4556100,0.0,0.0,0.0
2023-02-06 00:00:00-05:00,33.0336572347827,33.06217433961018,32.82927618885423,33.014644622802734,677500,0.0,0.0,0.0
2023-02-07 00:00:00-05:00,32.824525353914524,33.29032532747078,32.75323258484215,33.27131271362305,575300,0.0,0.0,0.0
2023-02-08 00:00:00-05:00,33.1762515897516,33.233285802119795,32.938599368123825,33.04316329956055,541900,0.0,0.0,0.0
2023-02-09 00:00:00-05:00,33.45191931289331,33.50895714114916,33.00988611619273,33.09069061279297,925800,0.0,0.0,0.0
2023-02-10 00:00:00-05:00,32.90057356908747,32.92909067477467,32.757980788081326,32.919586181640625,567600,0.0,0.0,0.0
2023-02-13 00:00:00-05:00,33.005139270085,33.318838293869426,32.96711404711572,33.30933380126953,442000,0.0,0.0,0.0
2023-02-14 00:00:00-05:00,33.1192106483154,33.51846460262899,33.07168093369971,33.36636734008789,641400,0.0,0.0,0.0
2023-02-15 00:00:00-05:00,32.957604686924384,33.24279022216797,32.92908758391391,33.24279022216797,728200,0.0,0.0,0.0
2023-02-16 00:00:00-05:00,32.86254751340743,33.21712565730626,32.86254751340743,32.99563217163086,509700,0.0,0.0,0.0
2023-02-17 00:00:00-05:00,32.79600658463311,33.081188525329424,32.76463559205954,33.04316329956055,460500,0.0,0.0,0.0
2023-02-21 00:00:00-05:00,32.79600273912134,32.88536164657186,32.63440098798,32.66291809082031,476500,0.0,0.0,0.0
2023-02-22 00:00:00-05:00,32.605879799848054,32.66862177675512,32.41671103511947,32.501312255859375,445000,0.0,0.0,0.0
2023-02-23 00:00:00-05:00,32.63440338964219,32.677179047050636,32.30168811811942,32.61539077758789,1168300,0.0,0.0,0.0
2023-02-24 00:00:00-05:00,32.035520216799604,32.11156704209049,31.90243555282671,32.06403732299805,1103600,0.0,0.0,0.0
2023-02-27 00:00:00-05:00,32.396747083739754,32.48800253326759,32.30168403548336,32.43476867675781,655300,0.0,0.0,0.0
2023-02-28 00:00:00-05:00,32.30168696348971,32.358724797613775,32.11631853544254,32.130577087402344,468400,0.0,0.0,0.0
2023-03-01 00:00:00-05:00,32.47279405481863,32.520323766036945,32.28267158366084,32.41575622558594,453600,0.0,0.0,0.0
2023-03-02 00:00:00-05:00,32.26366508866728,32.59638038282218,32.19712275509334,32.5678596496582,771400,0.0,0.0,0.0
2023-03-03 00:00:00-05:00,32.69143244615806,32.96710983806112,32.56785230042834,32.948097229003906,1042800,0.0,0.0,0.0
2023-03-06 00:00:00-05:00,32.834028738058585,32.929088167300755,32.743719741879175,32.7864990234375,632900,0.0,0.0,0.0
2023-03-07 00:00:00-05:00,32.70094986205613,32.71995885023399,32.13058230701379,32.1781120300293,934300,0.0,0.0,0.0
2023-03-08 00:00:00-05:00,32.168600845311204,32.3682278162279,32.14008374269015,32.28267288208008,647900,0.0,0.0,0.0
2023-03-09 00:00:00-05:00,32.31119272821396,32.453781863708215,31.987985610961914,31.987985610961914,440700,0.0,0.0,0.0
2023-03-10 00:00:00-05:00,32.121073962146895,32.21042925049818,31.759841583220993,31.788358688354492,802500,0.0,0.0,0.0
2023-03-13 00:00:00-04:00,31.522188128612278,31.96897543162361,31.49367102460214,31.72181510925293,1808100,0.0,0.0,0.0
2023-03-14 00:00:00-04:00,32.06403667764022,32.17810872642316,31.929051842980314,32.14008712768555,935200,0.0,0.0,0.0
2023-03-15 00:00:00-04:00,31.056389955682526,31.241762020997868,30.790220633235958,31.151453018188477,1991000,0.0,0.0,0.0
2023-03-16 00:00:00-04:00,30.98034187873286,31.674285888671875,30.973687645940874,31.674285888671875,1057900,0.0,0.0,0.0
2023-03-17 00:00:00-04:00,31.41762227126061,31.512685333556647,31.218945366546688,31.3510799407959,929700,0.0,0.0,0.0
2023-03-20 00:00:00-04:00,31.73132097316775,31.978477651689712,31.702800244899557,31.96897315979004,726700,0.0,0.0,0.0
2023-03-21 00:00:00-04:00,32.31119470517999,32.3824874641469,32.12107221993707,32.368228912353516,476300,0.0,0.0,0.0
2023-03-22 00:00:00-04:00,32.38724283795798,32.786500435800654,32.22564107602792,32.235145568847656,545500,0.0,0.0,0.0
2023-03-23 00:00:00-04:00,32.50131182334902,32.82166868337329,32.23514253403599,32.35872268676758,736100,0.0,0.0,0.0
2023-03-24 00:00:00-04:00,32.17810865743564,32.33971405029297,32.01650689086335,32.33971405029297,686900,0.0,0.0,0.0
2023-03-27 00:00:00-04:00,32.43476945681185,32.5868667113955,32.387239744682816,32.558349609375,613900,0.0,0.0,0.0
2023-03-28 00:00:00-04:00,32.54885066259583,32.61539299616977,32.463295715674306,32.5678596496582,773700,0.0,0.0,0.0
2023-03-29 00:00:00-04:00,32.89106461837389,33.024152902882285,32.853043020513596,32.99563217163086,1097600,0.0,0.0,0.0
2023-03-30 00:00:00-04:00,33.375877380371094,33.39964042590469,33.27606388604602,33.375877380371094,1237700,0.0,0.0,0.0
2023-03-31 00:00:00-04:00,33.47093310484516,33.61352586738038,33.461428612942285,33.556488037109375,1233200,0.0,0.0,0.0
2023-04-03 00:00:00-04:00,33.54698350156435,33.76562307789189,33.52607071837756,33.7561149597168,845600,0.0,0.0,0.0
2023-04-04 00:00:00-04:00,33.77513173647664,33.88920741094327,33.661059688295026,33.73711013793945,1026800,0.0,0.0,0.0
2023-04-05 00:00:00-04:00,33.623034020237206,33.68007185671863,33.44717370375155,33.575504302978516,1768700,0.0,0.0,0.0
2023-04-06 00:00:00-04:00,33.47093610874031,33.729501101861885,33.47093610874031,33.651554107666016,1512900,0.0,0.0,0.0
2023-04-10 00:00:00-04:00,33.43290865911151,33.68006896972656,33.41389967486544,33.68006896972656,804900,0.0,0.0,0.0
2023-04-11 00:00:00-04:00,33.7561219378152,33.89871472964184,33.7561219378152,33.83217239379883,552300,0.0,0.0,0.0
2023-04-12 00:00:00-04:00,34.098333690477055,34.25803525881311,33.95574455858464,34.06981658935547,868900,0.0,0.0,0.0
2023-04-13 00:00:00-04:00,34.38351694625398,34.57363942261331,34.34074129287256,34.53561782836914,1188300,0.0,0.0,0.0
2023-04-14 00:00:00-04:00,34.45006451960081,34.545123949120104,34.20290420079498,34.36450958251953,1067900,0.0,0.0,0.0
2023-04-17 00:00:00-04:00,34.221919690251674,34.2979701412913,34.09833952045482,34.259944915771484,1021700,0.0,0.0,0.0
2023-04-18 00:00:00-04:00,34.41204228113549,34.464326059790054,34.35500444270731,34.44055938720703,4076500,0.0,0.0,0.0
2023-04-19 00:00:00-04:00,34.193402907161115,34.31697945183987,34.16963623441552,34.221920013427734,4730800,0.0,0.0,0.0
2023-04-20 00:00:00-04:00,34.16487993600916,34.35500242666109,34.16487993600916,34.25043487548828,1145200,0.0,0.0,0.0
2023-04-21 00:00:00-04:00,34.30747283770439,34.4690745982722,34.14586745085167,34.45006561279297,1184000,0.0,0.0,0.0
2023-04-24 00:00:00-04:00,34.469073768863254,34.53086566218107,34.42249414036166,34.5261116027832,1513800,0.0,0.0,0.0
2023-04-25 00:00:00-04:00,34.35500297473826,34.36451109387924,33.974761613653186,33.993770599365234,1299300,0.0,0.0,0.0
2023-04-26 00:00:00-04:00,34.09833515333716,34.117347763662046,33.87019108200784,33.917720794677734,999200,0.0,0.0,0.0
2023-04-27 00:00:00-04:00,34.07932451816707,34.325534753802096,34.012782191315665,34.307472229003906,1006700,0.0,0.0,0.0
2023-04-28 00:00:00-04:00,34.16488162056474,34.47858428955078,34.16488162056474,34.47858428955078,688500,0.0,0.0,0.0
2023-05-01 00:00:00-04:00,34.469074919989055,34.564137979697016,34.388274038950996,34.41204071044922,1403300,0.0,0.0,0.0
2023-05-02 00:00:00-04:00,34.012781157556205,34.046052319970684,33.8036496907872,34.02228927612305,1322300,0.0,0.0,0.0
2023-05-03 00:00:00-04:00,34.15537136035829,34.3645064377038,34.088829040527344,34.088829040527344,1082400,0.0,0.0,0.0
2023-05-04 00:00:00-04:00,33.9747597216862,34.11734886429582,33.87969666699503,34.00327682495117,1592300,0.0,0.0,0.0
2023-05-05 00:00:00-04:00,34.12686002158756,34.52611400798607,34.0888347963253,34.47858428955078,548000,0.0,0.0,0.0
2023-05-08 00:00:00-04:00,34.62117260900091,34.64969334040157,34.47858345713756,34.554630279541016,834900,0.0,0.0,0.0
2023-05-09 00:00:00-04:00,34.155374963874294,34.352151684542655,34.11734974102068,34.307472229003906,774600,0.0,0.0,0.0
2023-05-10 00:00:00-04:00,34.34550018439161,34.34550018439161,33.988071764214205,34.221920013427734,1598400,0.0,0.0,0.0
2023-05-11 00:00:00-04:00,34.00327411127549,34.098333532095566,33.8701894716136,34.088829040527344,1937100,0.0,0.0,0.0
2023-05-12 00:00:00-04:00,34.15537408617229,34.16487857849903,33.88920478560652,34.00327682495117,577200,0.0,0.0,0.0
2023-05-15 00:00:00-04:00,34.155374963874294,34.307472229003906,34.10119101576456,34.307472229003906,781600,0.0,0.0,0.0
2023-05-16 00:00:00-04:00,34.09833515333716,34.1411144331393,33.908212676372976,33.917720794677734,1158400,0.0,0.0,0.0
2023-05-17 00:00:00-04:00,34.003274269215446,34.098333690477055,33.820756118954534,34.06981658935547,1410000,0.0,0.0,0.0
2023-05-18 00:00:00-04:00,34.012778760827814,34.07932108096784,33.87969412054777,34.06981658935547,1023300,0.0,0.0,0.0
2023-05-19 00:00:00-04:00,34.27895877438838,34.40728938232551,34.231425427618476,34.32648849487305,1018100,0.0,0.0,0.0
2023-05-22 00:00:00-04:00,34.23141970680417,34.383516962707496,34.23141970680417,34.31697463989258,882800,0.0,0.0,0.0
2023-05-23 00:00:00-04:00,33.9937695651935,33.9937695651935,33.68007054249891,33.708587646484375,1101800,0.0,0.0,0.0
2023-05-24 00:00:00-04:00,33.35686448339802,33.36636897627332,33.16674198932743,33.19525909423828,1179600,0.0,0.0,0.0
2023-05-25 00:00:00-04:00,33.24279195501655,33.28081355225089,33.081186568202185,33.252296447753906,1900100,0.0,0.0,0.0
2023-05-26 00:00:00-04:00,33.480443721282974,33.71809592571846,33.470935602386035,33.6895751953125,1194400,0.0,0.0,0.0
2023-05-30 00:00:00-04:00,33.604020051930526,33.604020051930526,33.23328319547547,33.328346252441406,2164400,0.0,0.0,0.0
2023-05-31 00:00:00-04:00,33.03365739577612,33.076433053225806,32.75797996015046,32.99563217163086,848200,0.0,0.0,0.0
2023-06-01 00:00:00-04:00,33.10970806217089,33.42340709772328,33.07643327111087,33.375877380371094,9402300,0.0,0.0,0.0
2023-06-02 00:00:00-04:00,33.794141276426245,33.86068360067277,33.70763625490575,33.841670989990234,8218200,0.0,0.0,0.0
2023-06-05 00:00:00-04:00,33.79413958508348,33.79413958508348,33.60877117306201,33.632537841796875,4141000,0.0,0.0,0.0
2023-06-06 00:00:00-04:00,33.66106217048368,33.87494772988188,33.64204955667057,33.87019729614258,1207300,0.0,0.0,0.0
2023-06-07 00:00:00-04:00,33.748765916294154,33.874047913990886,33.51747635717886,33.53675079345703,1026400,0.484,0.0,0.0
2023-06-08 00:00:00-04:00,33.690944142207826,33.874049457080226,33.64757941577362,33.864410400390625,1212900,0.0,0.0,0.0
2023-06-09 00:00:00-04:00,33.82586370123684,33.84321179865989,33.7198598043957,33.777679443359375,1150900,0.0,0.0,0.0
2023-06-12 00:00:00-04:00,33.93186950683594,33.95114394422759,33.79695212131739,33.93186950683594,1173800,0.0,0.0,0.0
2023-06-13 00:00:00-04:00,34.25952652756157,34.346259655022656,34.19206783689439,34.27880096435547,1439300,0.0,0.0,0.0
2023-06-14 00:00:00-04:00,34.44263021037985,34.54863409339954,34.17086544352601,34.37516784667969,1145400,0.0,0.0,0.0
2023-06-15 00:00:00-04:00,34.37516723707615,34.8242546003514,34.36553185741714,34.78955841064453,1026100,0.0,0.0,0.0
2023-06-16 00:00:00-04:00,34.97266658042388,34.97266658042388,34.69319275648093,34.712467193603516,1179500,0.0,0.0,0.0
2023-06-20 00:00:00-04:00,34.29807375178412,34.29807375178412,34.06678419760278,34.19206619262695,928700,0.0,0.0,0.0
2023-06-21 00:00:00-04:00,34.02824035298294,34.240251803491205,33.98005242329103,34.15351867675781,1149700,0.0,0.0,0.0
2023-06-22 00:00:00-04:00,33.893321044448825,34.00896767020588,33.85477584541955,33.99932861328125,815600,0.0,0.0,0.0
2023-06-23 00:00:00-04:00,33.488566540873,33.61384853856974,33.43074323203847,33.53675079345703,1023400,0.0,0.0,0.0
2023-06-26 00:00:00-04:00,33.5656621216049,33.69094043500062,33.5656621216049,33.62348175048828,912500,0.0,0.0,0.0
2023-06-27 00:00:00-04:00,33.700585507014395,33.98005567436241,33.60421331463297,33.960784912109375,1214100,0.0,0.0,0.0
2023-06-28 00:00:00-04:00,33.9125945248904,33.9858359153134,33.8210455440289,33.92223358154297,1134300,0.0,0.0,0.0
2023-06-29 00:00:00-04:00,33.76803876923558,33.874046325683594,33.71985451891084,33.874046325683594,926900,0.0,0.0,0.0
2023-06-30 00:00:00-04:00,34.1631597858393,34.326986992721906,34.095701091684916,34.30771255493164,1451400,0.0,0.0,0.0
2023-07-03 00:00:00-04:00,34.24025331718586,34.331805976180384,34.22097887970159,34.29807662963867,651900,0.0,0.0,0.0
2023-07-05 00:00:00-04:00,34.00896944004145,34.00896944004145,33.80659334876952,33.84513854980469,750000,0.0,0.0,0.0
2023-07-06 00:00:00-04:00,33.353652677400774,33.353652677400774,33.04526901690327,33.228370666503906,1202300,0.0,0.0,0.0
2023-07-07 00:00:00-04:00,33.247645109243166,33.565667827049154,33.17054735599691,33.41147232055664,1249400,0.0,0.0,0.0
2023-07-10 00:00:00-04:00,33.32474259653979,33.52711868286133,33.32474259653979,33.52711868286133,1294900,0.0,0.0,0.0
2023-07-11 00:00:00-04:00,33.671669292078064,33.801770822231,33.560845875067876,33.79695129394531,818900,0.0,0.0,0.0
2023-07-12 00:00:00-04:00,34.26916248997177,34.5062310563087,34.206519656991766,34.47153854370117,2074600,0.0,0.0,0.0
2023-07-13 00:00:00-04:00,34.92448303715454,35.136494497375715,34.857020667739775,35.08831024169922,1313100,0.0,0.0,0.0
2023-07-14 00:00:00-04:00,35.20395072422897,35.22322516039384,35.02277543574655,35.04975891113281,1067400,0.0,0.0,0.0
2023-07-17 00:00:00-04:00,34.83775166201341,34.99194349368216,34.73655994090348,34.934120178222656,772500,0.0,0.0,0.0
2023-07-18 00:00:00-04:00,34.89556954277019,35.09794562234529,34.8473852870937,35.08831024169922,788700,0.0,0.0,0.0
2023-07-19 00:00:00-04:00,35.059400140900685,35.107584396188734,34.86665944352547,34.96302795410156,1029900,0.0,0.0,0.0
2023-07-20 00:00:00-04:00,34.90521035582639,34.96784952373509,34.70283058984589,34.75101852416992,955200,0.0,0.0,0.0
2023-07-21 00:00:00-04:00,34.92448356995564,34.963028769351034,34.808836943100104,34.91484451293945,1160900,0.0,0.0,0.0
2023-07-24 00:00:00-04:00,34.80883598716976,34.9148435540979,34.74619682317723,34.83774948120117,535900,0.0,0.0,0.0
2023-07-25 00:00:00-04:00,34.81847600011629,35.03434382162297,34.81847600011629,34.91484451293945,1005700,0.0,0.0,0.0
2023-07-26 00:00:00-04:00,34.664281065474555,35.001574506333206,34.616093137160924,34.92448043823242,898200,0.0,0.0,0.0
2023-07-27 00:00:00-04:00,35.24250521619612,35.252144273926966,34.84738840236946,34.895572662353516,771400,0.0,0.0,0.0
2023-07-28 00:00:00-04:00,35.117218017578125,35.241536845643246,35.035304420069565,35.117218017578125,864100,0.0,0.0,0.0
2023-07-31 00:00:00-04:00,35.19431890719739,35.28587156919326,35.10180307472918,35.165409088134766,685600,0.0,0.0,0.0
2023-08-01 00:00:00-04:00,34.789563724916604,34.866661478856464,34.63633873997414,34.75101852416992,975300,0.0,0.0,0.0
2023-08-02 00:00:00-04:00,34.211343071374245,34.36553489309772,34.01860237516416,34.047515869140625,1347400,0.0,0.0,0.0
2023-08-03 00:00:00-04:00,33.806590635273025,34.0908803107331,33.78731619819087,33.92223358154297,6375900,0.0,0.0,0.0
2023-08-04 00:00:00-04:00,34.066786761034685,34.33662520725465,33.955963341738666,33.98969268798828,1278700,0.0,0.0,0.0
2023-08-07 00:00:00-04:00,34.211344042203415,34.30771255493164,34.05426270473624,34.30771255493164,698600,0.0,0.0,0.0
2023-08-08 00:00:00-04:00,34.07642611290414,34.29807662963867,33.99932836296705,34.29807662963867,707400,0.0,0.0,0.0
2023-08-09 00:00:00-04:00,34.355900487518866,34.43299456245683,34.25470877006418,34.30771255493164,770700,0.0,0.0,0.0
2023-08-10 00:00:00-04:00,34.63537092663854,34.85702144869483,34.38481058577326,34.4329948425293,1090100,0.0,0.0,0.0
2023-08-11 00:00:00-04:00,34.14388452416476,34.2884409659921,34.086061212189215,34.172794342041016,595800,0.0,0.0,0.0
2023-08-14 00:00:00-04:00,33.864410553440685,34.09088059577081,33.75840298671398,34.047515869140625,799400,0.0,0.0,0.0
2023-08-15 00:00:00-04:00,33.835499461891764,33.859589750371725,33.56566470308984,33.604209899902344,719500,0.0,0.0,0.0
2023-08-16 00:00:00-04:00,33.55602876978177,33.710220600051066,33.401836939512464,33.41147232055664,924100,0.0,0.0,0.0
2023-08-17 00:00:00-04:00,33.45965611451989,33.48856593029865,33.05490031250346,33.103084564208984,2285400,0.0,0.0,0.0
2023-08-18 00:00:00-04:00,32.81397996928212,33.12236363481564,32.765795710834375,33.05490493774414,822000,0.0,0.0,0.0
2023-08-21 00:00:00-04:00,33.24764387641443,33.24764387641443,33.00671892078824,33.2090950012207,1056900,0.0,0.0,0.0
2023-08-22 00:00:00-04:00,33.2958273008243,33.2958273008243,33.025992533652726,33.07417678833008,1400000,0.0,0.0,0.0
2023-08-23 00:00:00-04:00,33.19946139593394,33.51748044273114,33.19946139593394,33.47893524169922,895600,0.0,0.0,0.0
2023-08-24 00:00:00-04:00,33.324742988693764,33.38738215627616,32.96817139291427,32.98744583129883,935600,0.0,0.0,0.0
2023-08-25 00:00:00-04:00,33.1705436706543,33.28619028767501,32.85252466440434,33.1705436706543,583600,0.0,0.0,0.0
2023-08-28 00:00:00-04:00,33.41147014893479,33.536752151705485,33.392199388098966,33.49820327758789,638800,0.0,0.0,0.0
2023-08-29 00:00:00-04:00,33.49820426366992,34.02824210783206,33.44520415547679,33.99932861328125,595300,0.0,0.0,0.0
2023-08-30 00:00:00-04:00,33.999330522380355,34.14388697458214,33.941510882478276,34.02824401855469,1344100,0.0,0.0,0.0
2023-08-31 00:00:00-04:00,33.9318662068104,33.95114064232753,33.652392406146035,33.758399963378906,640500,0.0,0.0,0.0
2023-09-01 00:00:00-04:00,34.066785508924646,34.134244198944465,33.68323414620868,33.787315368652344,830100,0.0,0.0,0.0
2023-09-05 00:00:00-04:00,33.69094342378508,33.700582480269134,33.48856735229492,33.48856735229492,633100,0.0,0.0,0.0
2023-09-06 00:00:00-04:00,33.4885700738029,33.565667827049154,33.276554928598905,33.41147232055664,607100,0.0,0.0,0.0
2023-09-07 00:00:00-04:00,33.25727844238281,33.315101753756885,33.13200011540681,33.25727844238281,537000,0.0,0.0,0.0
2023-09-08 00:00:00-04:00,33.2572773520668,33.36328491466572,33.21391262712517,33.238006591796875,608400,0.0,0.0,0.0
2023-09-11 00:00:00-04:00,33.478933068647585,33.60903092566039,33.40183531914145,33.56566619873047,735100,0.0,0.0,0.0
2023-09-12 00:00:00-04:00,33.305465431181744,33.48856706435236,33.305465431181744,33.363285064697266,620800,0.0,0.0,0.0
2023-09-13 00:00:00-04:00,33.23800849572754,33.33437700748878,33.14163630774321,33.2090950012207,723200,0.0,0.0,0.0
2023-09-14 00:00:00-04:00,33.52711367141552,33.725633369942614,33.49820018038914,33.690940856933594,876600,0.0,0.0,0.0
2023-09-15 00:00:00-04:00,33.787315895856786,33.874049023838886,33.59939473126605,33.61384963989258,1522100,0.0,0.0,0.0
2023-09-18 00:00:00-04:00,33.44038187106656,33.53675037503227,33.353648747008315,33.46929168701172,785800,0.0,0.0,0.0
2023-09-19 00:00:00-04:00,33.43074362599083,33.52229628033533,33.29582624667653,33.42110824584961,1818900,0.0,0.0,0.0
2023-09-20 00:00:00-04:00,33.55602602333861,33.724672749482636,33.30546569824219,33.30546569824219,1119100,0.0,0.0,0.0
2023-09-21 00:00:00-04:00,32.99708254453431,33.02117283363624,32.693514756821585,32.707969665527344,2109100,0.0,0.0,0.0
2023-09-22 00:00:00-04:00,32.86216395063791,33.035630220565764,32.71761117651352,32.74652099609375,876800,0.0,0.0,0.0
2023-09-25 00:00:00-04:00,32.476682137800054,32.65978376588762,32.418858829666874,32.62123489379883,1374500,0.0,0.0,0.0
2023-09-26 00:00:00-04:00,32.409225996917534,32.48150421870893,32.197210859988935,32.23575973510742,4432800,0.0,0.0,0.0
2023-09-27 00:00:00-04:00,32.35139924649042,32.37549320993495,31.88400429495892,32.120113372802734,1879100,0.0,0.0,0.0
2023-09-28 00:00:00-04:00,32.18757549081281,32.53450433833383,32.15866199635209,32.418861389160156,2151600,0.0,0.0,0.0
2023-09-29 00:00:00-04:00,32.842889866045894,32.842889866045894,32.33694601723322,32.389949798583984,1415700,0.0,0.0,0.0
2023-10-02 00:00:00-04:00,32.1586610012537,32.17793543822341,31.792457727498135,31.917736053466797,1300100,0.0,0.0,0.0
2023-10-03 00:00:00-04:00,31.686452043284078,31.782820557630398,31.431072171665477,31.55153465270996,1963500,0.0,0.0,0.0
2023-10-04 00:00:00-04:00,31.73463384944678,31.78281810289845,31.435885596089804,31.69608497619629,1488000,0.0,0.0,0.0
2023-10-05 00:00:00-04:00,31.85027655197535,32.000615686025554,31.744268989450067,31.965919494628906,1988000,0.0,0.0,0.0
2023-10-06 00:00:00-04:00,31.917737307431437,32.45741053511672,31.75391010108702,32.36104202270508,1436700,0.0,0.0,0.0
2023-10-09 00:00:00-04:00,32.04301998546479,32.36104270028359,32.02856507592269,32.3128547668457,1579800,0.0,0.0,0.0
2023-10-10 00:00:00-04:00,32.64051030167712,32.900709681689385,32.635694449689716,32.75615692138672,1353600,0.0,0.0,0.0
2023-10-11 00:00:00-04:00,32.96816893768156,33.01153733987286,32.75615748368696,32.94889450073242,1296500,0.0,0.0,0.0
2023-10-12 00:00:00-04:00,33.006717374894684,33.006717374894684,32.56341635959835,32.698333740234375,1655700,0.0,0.0,0.0
2023-10-13 00:00:00-04:00,32.69833303273949,32.794701537902114,32.42849827730587,32.505592346191406,1945900,0.0,0.0,0.0
2023-10-16 00:00:00-04:00,32.515232105974476,32.70315326846363,32.452589267662816,32.698333740234375,816700,0.0,0.0,0.0
2023-10-17 00:00:00-04:00,32.4092238645803,32.823615054281824,32.38031037203224,32.68869400024414,1337500,0.0,0.0,0.0
2023-10-18 00:00:00-04:00,32.39958652395674,32.47668427320364,32.11433367467849,32.16830062866211,752900,0.0,0.0,0.0
2023-10-19 00:00:00-04:00,32.04301695550473,32.197208769745465,31.796309317474993,31.869550704956055,1056500,0.0,0.0,0.0
2023-10-20 00:00:00-04:00,31.782819733479275,31.826188137166767,31.54189477763766,31.570804595947266,1718200,0.0,0.0,0.0
2023-10-23 00:00:00-04:00,31.474436764878597,31.811730239863145,31.320244936853783,31.5804443359375,1033000,0.0,0.0,0.0
2023-10-24 00:00:00-04:00,31.647900594450956,31.773182593895744,31.5804419046475,31.753908157348633,1057300,0.0,0.0,0.0
2023-10-25 00:00:00-04:00,31.618990204857226,31.792456454415433,31.468651073002803,31.532257080078125,1018800,0.0,0.0,0.0
2023-10-26 00:00:00-04:00,31.445526386872082,31.52262046140225,31.214236810835388,31.329879760742188,1673900,0.0,0.0,0.0
2023-10-27 00:00:00-04:00,31.474434822737646,31.512983696420967,31.10822787519195,31.185325622558594,1401500,0.0,0.0,0.0
2023-10-30 00:00:00-04:00,31.580442165900674,31.68644972967531,31.474434602126035,31.66717529296875,1162900,0.0,0.0,0.0
2023-10-31 00:00:00-04:00,31.638265476020358,31.724994926865527,31.4937090388326,31.66717529296875,1150300,0.0,0.0,0.0
2023-11-01 00:00:00-04:00,31.705723792714124,31.970739022804473,31.647900483275915,31.965919494628906,1049000,0.0,0.0,0.0
2023-11-02 00:00:00-04:00,32.57305377486387,32.688696726030656,32.49114017096336,32.66942596435547,1856400,0.0,0.0,0.0
2023-11-03 00:00:00-04:00,32.90071283056362,33.03563022358132,32.79952478580034,32.929622650146484,1262300,0.0,0.0,0.0
2023-11-06 00:00:00-05:00,32.88143566219743,32.910349155603065,32.72820701392784,32.82361602783203,1087900,0.0,0.0,0.0
2023-11-07 00:00:00-05:00,32.60196617465685,32.67906024743725,32.515233045139524,32.59232711791992,817400,0.0,0.0,0.0
2023-11-08 00:00:00-05:00,32.71761063265994,32.842892642463816,32.59714815144707,32.73688507080078,1068400,0.0,0.0,0.0
2023-11-09 00:00:00-05:00,33.0163526251761,33.151273681503966,32.746517864966144,32.75615692138672,743300,0.0,0.0,0.0
2023-11-10 00:00:00-05:00,32.70796779135908,32.93925734606715,32.476681912873765,32.91998291015625,860000,0.0,0.0,0.0
2023-11-13 00:00:00-05:00,32.736886162049025,33.045269830135744,32.688698226979035,32.99708557128906,844900,0.0,0.0,0.0
2023-11-14 00:00:00-05:00,33.565663377667036,33.878862849099164,33.54638894191044,33.82585906982422,1090200,0.0,0.0,0.0
2023-11-15 00:00:00-05:00,33.88368701642375,33.98005553217869,33.75840500496374,33.777679443359375,851200,0.0,0.0,0.0
2023-11-16 00:00:00-05:00,33.700584822880465,33.869231560845314,33.63312612769453,33.768043518066406,1113000,0.0,0.0,0.0
2023-11-17 00:00:00-05:00,34.0186012965554,34.17182994299182,33.960781662881736,34.15351867675781,785700,0.0,0.0,0.0
2023-11-20 00:00:00-05:00,34.201708529831684,34.423359049232324,34.163159654399465,34.365535736083984,1034900,0.0,0.0,0.0
2023-11-21 00:00:00-05:00,34.384808528610456,34.414681516096095,34.23543623873639,34.27880096435547,838900,0.0,0.0,0.0
2023-11-22 00:00:00-05:00,34.326986316563584,34.38962915720382,34.172794493501755,34.355899810791016,1100400,0.0,0.0,0.0
2023-11-24 00:00:00-05:00,34.46190209478662,34.64018787535158,34.46190209478662,34.63536834716797,312800,0.0,0.0,0.0
2023-11-27 00:00:00-05:00,34.5486382063057,34.56405996258127,34.423359872489506,34.50045394897461,1007900,0.0,0.0,0.0
2023-11-28 00:00:00-05:00,34.31735066717092,34.529365800803916,34.28844084939297,34.413719177246094,803300,0.0,0.0,0.0
2023-11-29 00:00:00-05:00,34.52936431069543,34.645007253039694,34.413717692128316,34.51008987426758,671200,0.0,0.0,0.0
2023-11-30 00:00:00-05:00,34.48117705521264,34.5582748024304,34.355898730318174,34.4619026184082,1081700,0.0,0.0,0.0
2023-12-01 00:00:00-05:00,34.43299418905494,34.874368883863276,34.43299418905494,34.84738540649414,664700,0.0,0.0,0.0
2023-12-04 00:00:00-05:00,34.558273733257984,34.683555730499364,34.475393289940776,34.625732421875,731300,0.0,0.0,0.0
2023-12-05 00:00:00-05:00,34.50045394897461,34.59682613985997,34.41372081528937,34.50045394897461,826100,0.0,0.0,0.0
2023-12-06 00:00:00-05:00,34.808834998098696,34.84256434332443,34.51972579956055,34.51972579956055,453700,0.0,0.0,0.0
2023-12-07 00:00:00-05:00,34.6064584024506,34.75872387697261,34.49081546003193,34.69319152832031,756900,0.0,0.0,0.0
2023-12-08 00:00:00-05:00,34.606461802453644,34.876296586682116,34.606461802453644,34.808837890625,484900,0.0,0.0,0.0
2023-12-11 00:00:00-05:00,34.77029120130943,34.92448302515507,34.73174232629226,34.905208587646484,573300,0.0,0.0,0.0
2023-12-12 00:00:00-05:00,34.91484614857474,35.01121834213571,34.78956413505712,35.00157928466797,1000100,0.0,0.0,0.0
2023-12-13 00:00:00-05:00,35.08831000613324,35.59906973007657,34.93893771167201,35.570159912109375,3814400,0.0,0.0,0.0
2023-12-14 00:00:00-05:00,35.7532619790646,35.955641735916146,35.6809874332852,35.82072067260742,864000,0.0,0.0,0.0
2023-12-15 00:00:00-05:00,35.676168844050835,35.76964784702444,35.52197701529035,35.531612396240234,564400,0.0,0.0,0.0
2023-12-18 00:00:00-05:00,35.714718543660766,35.782177240534715,35.56052671134555,35.66653060913086,707300,0.0,0.0,0.0
2023-12-19 00:00:00-05:00,35.84963485809544,36.03273650463741,35.84963485809544,36.01346206665039,854000,0.0,0.0,0.0
2023-12-20 00:00:00-05:00,36.02221863585329,36.11955190997573,35.6036985522235,35.61343002319336,1816200,0.369,0.0,0.0
2023-12-21 00:00:00-05:00,36.0416847983099,36.21201709747605,35.944355238401855,36.207149505615234,662800,0.0,0.0,0.0
2023-12-22 00:00:00-05:00,36.30448219748237,36.362882166196144,36.14680710870572,36.25581741333008,921200,0.0,0.0,0.0
2023-12-26 00:00:00-05:00,36.323949746013064,36.513745007888836,36.32103141830395,36.469947814941406,947300,0.0,0.0,0.0
2023-12-27 00:00:00-05:00,36.479676709106975,36.67433954962767,36.465077645822774,36.65487289428711,766300,0.0,0.0,0.0
2023-12-28 00:00:00-05:00,36.625673090592414,36.73273783362044,36.494274101281775,36.499141693115234,1140800,0.0,0.0,0.0
2023-12-29 00:00:00-05:00,36.5770075475976,36.68406857550671,36.46020762334012,36.55754089355469,631800,0.0,0.0,0.0
2024-01-02 00:00:00-05:00,36.11955363473494,36.21688320062023,35.993022228776105,36.04168701171875,737000,0.0,0.0,0.0
2024-01-03 00:00:00-05:00,35.6718311493341,35.89082452569285,35.5939645275004,35.8080940246582,973900,0.0,0.0,0.0
2024-01-04 00:00:00-05:00,35.71076006098619,35.993020990380835,35.71076006098619,35.85675811767578,734500,0.0,0.0,0.0
2024-01-05 00:00:00-05:00,35.69129485659226,36.056286300266684,35.666964321411605,35.74969482421875,964500,0.0,0.0,0.0
2024-01-08 00:00:00-05:00,35.76916032031942,36.10981750488281,35.75942884913969,36.10981750488281,863300,0.0,0.0,0.0
2024-01-09 00:00:00-05:00,35.77889226173617,35.87622553923698,35.72049600812058,35.79835891723633,976100,0.0,0.0,0.0
2024-01-10 00:00:00-05:00,35.866487709030025,36.036820003869124,35.856756238440326,35.993019104003906,771100,0.0,0.0,0.0
2024-01-11 00:00:00-05:00,36.01248644506784,36.08061787914936,35.6134293113541,35.94435501098633,690000,0.0,0.0,0.0
2024-01-12 00:00:00-05:00,36.18768456069954,36.26554746972757,36.02221984557703,36.08061981201172,749200,0.0,0.0,0.0
2024-01-16 00:00:00-05:00,35.652364790446555,35.70589716518131,35.424609003861775,35.50636672973633,891200,0.0,0.0,0.0
2024-01-17 00:00:00-05:00,35.078112174701104,35.18517692639858,34.90680708683115,35.17544174194336,870000,0.0,0.0,0.0
2024-01-18 00:00:00-05:00,35.31170381002907,35.5161018371582,35.243572371947664,35.5161018371582,1177500,0.0,0.0,0.0
2024-01-19 00:00:00-05:00,35.44796506027135,35.64262789424015,35.31267496616017,35.632896423339844,905400,0.0,0.0,0.0
2024-01-22 00:00:00-05:00,35.71076220288458,35.812959363543065,35.63484484252186,35.70103073120117,892500,0.0,0.0,0.0
2024-01-23 00:00:00-05:00,35.525831501420924,35.66209437065249,35.46743153765681,35.64262771606445,785000,0.0,0.0,0.0
2024-01-24 00:00:00-05:00,36.11955049897779,36.236346710477335,35.973552449939874,35.993019104003906,1160800,0.0,0.0,0.0
2024-01-25 00:00:00-05:00,36.109816740825025,36.168216705322266,35.95408721505048,36.168216705322266,1265200,0.0,0.0,0.0
2024-01-26 00:00:00-05:00,36.421276270906375,36.479676236170924,36.36288001852664,36.41154479980469,803800,0.0,0.0,0.0
2024-01-29 00:00:00-05:00,36.35314573630598,36.64514185698709,36.32394760939184,36.625675201416016,1740100,0.0,0.0,0.0
2024-01-30 00:00:00-05:00,36.57701092964409,36.615940528444874,36.4164138036041,36.58674240112305,683700,0.0,0.0,0.0
2024-01-31 00:00:00-05:00,36.73273903943248,36.83980007309026,36.33368189233678,36.41154479980469,1340000,0.0,0.0,0.0
2024-02-01 00:00:00-05:00,36.52833893574121,36.859264627611616,36.48648730048486,36.83979797363281,1196200,0.0,0.0,0.0
2024-02-02 00:00:00-05:00,36.52834312355767,36.54780977976824,36.367749707369285,36.53807830810547,1269600,0.0,0.0,0.0
2024-02-05 00:00:00-05:00,36.27528312361088,36.38818824169259,36.09035546350054,36.32394790649414,969300,0.0,0.0,0.0
2024-02-06 00:00:00-05:00,36.333683300935604,36.596473872602004,36.31908052438973,36.58674240112305,903000,0.0,0.0,0.0
2024-02-07 00:00:00-05:00,36.53807787345056,36.61107690515055,36.48454549772958,36.56727600097656,694700,0.0,0.0,0.0
2024-02-08 00:00:00-05:00,36.54780985693526,36.54780985693526,36.4261460400261,36.528343200683594,970100,0.0,0.0,0.0
2024-02-09 00:00:00-05:00,36.59647553329069,36.781406915747404,36.508877434465184,36.74247360229492,1377400,0.0,0.0,0.0
2024-02-12 00:00:00-05:00,36.70353630023768,36.88360007072386,36.70353630023768,36.752201080322266,3799800,0.0,0.0,0.0
2024-02-13 00:00:00-05:00,36.29474854009131,36.34925368912112,36.007620018979445,36.13901901245117,974600,0.0,0.0,0.0
2024-02-14 00:00:00-05:00,36.45047807553496,36.69380569458008,36.392078110325606,36.69380569458008,1094300,0.0,0.0,0.0
2024-02-15 00:00:00-05:00,36.94686529864567,37.21452716847237,36.94686529864567,37.209659576416016,1348800,0.0,0.0,0.0
2024-02-16 00:00:00-05:00,37.22912528890357,37.46272143418951,37.17072532436089,37.27779006958008,926500,0.0,0.0,0.0
2024-02-20 00:00:00-05:00,37.43352316847817,37.452989825183806,37.19993071378076,37.29726028442383,903700,0.0,0.0,0.0
2024-02-21 00:00:00-05:00,37.23885929181187,37.39458882829587,37.1950621000906,37.375125885009766,795300,0.0,0.0,0.0
2024-02-22 00:00:00-05:00,37.686582333491835,37.86664239298663,37.63791384001077,37.84231185913086,839800,0.0,0.0,0.0
2024-02-23 00:00:00-05:00,37.88124509513863,37.929913593295296,37.776129604498315,37.852046966552734,1016300,0.0,0.0,0.0
2024-02-26 00:00:00-05:00,37.84231280307806,37.84231280307806,37.697287520594905,37.7741813659668,3700600,0.0,0.0,0.0
2024-02-27 00:00:00-05:00,37.706049928855535,37.802406716643624,37.667116618253424,37.7741813659668,1213600,0.0,0.0,0.0
2024-02-28 00:00:00-05:00,37.54058474256995,37.595089891572684,37.46758571433133,37.530853271484375,892300,0.0,0.0,0.0
2024-02-29 00:00:00-05:00,37.6963165336159,37.764447973960294,37.45298890013306,37.637916564941406,749400,0.0,0.0,0.0
2024-03-01 00:00:00-05:00,37.754714572197315,38.061306038073546,37.602876146559915,38.05643844604492,3124800,0.0,0.0,0.0
2024-03-04 00:00:00-05:00,37.90070985861372,38.05643939143475,37.88124320290048,37.98830795288086,1276200,0.0,0.0,0.0
2024-03-05 00:00:00-05:00,37.92017578838467,38.01264147303119,37.63791485527361,37.76444625854492,761300,0.0,0.0,0.0
2024-03-06 00:00:00-05:00,38.17324022667566,38.32410217090777,38.07590694581218,38.20243835449219,830400,0.0,0.0,0.0
2024-03-07 00:00:00-05:00,38.591759724650984,38.85455027130154,38.533359762681634,38.7961540222168,993400,0.0,0.0,0.0
2024-03-08 00:00:00-05:00,38.89348377784627,38.90321896133317,38.450629464192744,38.5041618347168,1307300,0.0,0.0,0.0
2024-03-11 00:00:00-04:00,38.35816556263827,38.38736368868247,38.19270456454142,38.367897033691406,1158200,0.0,0.0,0.0
2024-03-12 00:00:00-04:00,38.43603121358843,38.72315601347711,38.24623226043178,38.71828842163086,858000,0.0,0.0,0.0
2024-03-13 00:00:00-04:00,38.766960221144004,38.82535647674136,38.69396118876228,38.757225036621094,991700,0.0,0.0,0.0
2024-03-14 00:00:00-04:00,38.77669166570556,38.77669166570556,38.31923452845888,38.48469924926758,1079200,0.0,0.0,0.0
2024-03-15 00:00:00-04:00,38.455495048037506,38.494428357942006,38.26083592428456,38.37763214111328,1474200,0.0,0.0,0.0
2024-03-18 00:00:00-04:00,38.4068317246083,38.44576503599029,38.26083737625322,38.27056884765625,1306300,0.0,0.0,0.0
2024-03-19 00:00:00-04:00,38.27056859224165,38.44576477940645,38.16350384309818,38.290035247802734,912300,0.0,0.0,0.0
2024-03-20 00:00:00-04:00,38.328969916719466,38.76209280786323,38.270569947967424,38.747493743896484,1084300,0.0,0.0,0.0
2024-03-21 00:00:00-04:00,38.757222597682805,38.82535403351566,38.65989303588867,38.65989303588867,902200,0.0,0.0,0.0
2024-03-22 00:00:00-04:00,38.54309576134309,38.56256241761985,38.426299536567576,38.465232849121094,844300,0.0,0.0,0.0
2024-03-25 00:00:00-04:00,38.358165231613626,38.54796047503261,38.353297639686666,38.397098541259766,757200,0.0,0.0,0.0
2024-03-26 00:00:00-04:00,38.582029768105556,38.60149642473258,38.40683357134745,38.416568756103516,1067000,0.0,0.0,0.0
2024-03-27 00:00:00-04:00,38.494428147883816,38.67449192054598,38.43116430429781,38.66962432861328,986200,0.0,0.0,0.0
2024-03-28 00:00:00-04:00,38.53336239826726,38.65015861730992,38.53336239826726,38.60149383544922,1234600,0.0,0.0,0.0
2024-04-01 00:00:00-04:00,38.56256164845254,38.71829118267539,38.45939171384007,38.52363204956055,989900,0.0,0.0,0.0
2024-04-02 00:00:00-04:00,38.124568176573256,38.18296813964844,38.04670527202436,38.18296813964844,1396900,0.0,0.0,0.0
2024-04-03 00:00:00-04:00,38.03697572044749,38.397099562036175,38.03697572044749,38.31923294067383,1286200,0.0,0.0,0.0
2024-04-04 00:00:00-04:00,38.54309552816425,38.54309552816425,37.87638019092271,37.92991256713867,933700,0.0,0.0,0.0
2024-04-05 00:00:00-04:00,37.86177975116264,38.134305501715126,37.81311125609123,38.02724075317383,1724400,0.0,0.0,0.0
2024-04-08 00:00:00-04:00,38.22190483170007,38.27543720770308,38.13430673577561,38.2121696472168,1245700,0.0,0.0,0.0
2024-04-09 00:00:00-04:00,38.34843215671928,38.41656358930804,37.98830462688197,38.231632232666016,2755100,0.0,0.0,0.0
2024-04-10 00:00:00-04:00,37.65738125627469,37.91044406110812,37.594117411508755,37.783912658691406,2102800,0.0,0.0,0.0
2024-04-11 00:00:00-04:00,37.96884216657163,37.978577351093634,37.50652114967195,37.92991256713867,1488700,0.0,0.0,0.0
2024-04-12 00:00:00-04:00,37.5503194475781,37.67684713450068,37.21939374161756,37.28752517700195,1115000,0.0,0.0,0.0
2024-04-15 00:00:00-04:00,37.75471496846265,37.77418162389663,37.1220616619555,37.199928283691406,1435800,0.0,0.0,0.0
2024-04-16 00:00:00-04:00,36.927398681640625,37.083128211641956,36.752202496278514,36.927398681640625,1685800,0.0,0.0,0.0
2024-04-17 00:00:00-04:00,37.14152879416531,37.14152879416531,36.70353832349067,36.88846969604492,3783900,0.0,0.0,0.0
2024-04-18 00:00:00-04:00,36.839799859246185,36.94491905353522,36.63540555133394,36.70353698730469,1629400,0.0,0.0,0.0
2024-04-19 00:00:00-04:00,36.69380289363223,36.84953240941841,36.51373913264512,36.615936279296875,2100500,0.0,0.0,0.0
2024-04-22 00:00:00-04:00,36.80087005193453,37.13179575885248,36.732738616353025,36.99552917480469,1028100,0.0,0.0,0.0
2024-04-23 00:00:00-04:00,37.151260332157364,37.482186053606384,37.11719461287077,37.43352127075195,870700,0.0,0.0,0.0
2024-04-24 00:00:00-04:00,37.47245290517091,37.49191956001847,37.126928135617455,37.27779006958008,1239800,0.0,0.0,0.0
2024-04-25 00:00:00-04:00,36.69380387076887,37.17072390117719,36.64513909195562,37.10259246826172,1734100,0.0,0.0,0.0
2024-04-26 00:00:00-04:00,37.22912789699383,37.44325740243308,37.22912789699383,37.36539077758789,925700,0.0,0.0,0.0
2024-04-29 00:00:00-04:00,37.414054283012845,37.52111903207343,37.34592284504427,37.46272277832031,575100,0.0,0.0,0.0
2024-04-30 00:00:00-04:00,37.25832509303723,37.379988906651256,36.8690031172033,36.87873458862305,695500,0.0,0.0,0.0
2024-05-01 00:00:00-04:00,36.878736486493466,37.219397409874965,36.64514403154885,36.74247360229492,1709700,0.0,0.0,0.0
2024-05-02 00:00:00-04:00,37.112329936127814,37.29725759215486,36.90793191191547,37.21939468383789,907500,0.0,0.0,0.0
2024-05-03 00:00:00-04:00,37.71578311256808,37.75958030432045,37.414055511028934,37.64765167236328,683000,0.0,0.0,0.0
2024-05-06 00:00:00-04:00,37.813112451869046,37.96592365990974,37.79364950868686,37.93964385986328,1646700,0.0,0.0,0.0
2024-05-07 00:00:00-04:00,38.12456955084868,38.19270470000147,38.02723998843296,38.08563995361328,577700,0.0,0.0,0.0
2024-05-08 00:00:00-04:00,37.97857495315793,38.14890354268841,37.97857495315793,38.105106353759766,762000,0.0,0.0,0.0
2024-05-09 00:00:00-04:00,38.16350153699976,38.45549392700195,38.16155598542669,38.45549392700195,634700,0.0,0.0,0.0
2024-05-10 00:00:00-04:00,38.650155229456,38.66962188307091,38.52362755028584,38.57229232788086,499200,0.0,0.0,0.0
2024-05-13 00:00:00-04:00,38.57229326758657,38.61609045462373,38.474959997140736,38.5041618347168,443800,0.0,0.0,0.0
2024-05-14 00:00:00-04:00,38.61122773816205,38.707588245003166,38.52849723250051,38.69882583618164,505300,0.0,0.0,0.0
2024-05-15 00:00:00-04:00,38.86428905213721,39.09301761658322,38.74262523810294,39.08815002441406,835900,0.0,0.0,0.0
2024-05-16 00:00:00-04:00,39.13681531988813,39.170881039748366,39.02975056807453,39.049217224121094,749000,0.0,0.0,0.0
2024-05-17 00:00:00-04:00,38.99081969445601,39.166015880263814,38.966485446971916,39.146549224853516,517900,0.0,0.0,0.0
2024-05-20 00:00:00-04:00,39.17574648456885,39.321744540472714,39.17574648456885,39.2049446105957,859500,0.0,0.0,0.0
2024-05-21 00:00:00-04:00,39.02974954702054,39.16114854367608,39.02974954702054,39.12708282470703,417600,0.0,0.0,0.0
2024-05-22 00:00:00-04:00,38.93242097214074,38.93242097214074,38.655027621229635,38.77669143676758,1024800,0.0,0.0,0.0
2024-05-23 00:00:00-04:00,39.20494452255149,39.20494452255149,38.572294945120035,38.65989303588867,997200,0.0,0.0,0.0
2024-05-24 00:00:00-04:00,38.82535737010957,39.02002022331167,38.79129164926559,38.97135543823242,503300,0.0,0.0,0.0
2024-05-28 00:00:00-04:00,39.068682386268236,39.068682386268236,38.747491855994056,38.88375473022461,555000,0.0,0.0,0.0
2024-05-29 00:00:00-04:00,38.406831903968516,38.46523187131423,38.25110237059821,38.26083755493164,904300,0.0,0.0,0.0
2024-05-30 00:00:00-04:00,38.484694243056005,38.650155229456,38.465227589441085,38.57229232788086,583600,0.0,0.0,0.0
2024-05-31 00:00:00-04:00,38.83508977019545,38.92268786221094,38.57229549414899,38.89348602294922,567800,0.0,0.0,0.0
2024-06-03 00:00:00-04:00,39.03948254905955,39.13194822947197,38.83508824667021,39.010284423828125,691300,0.0,0.0,0.0
2024-06-04 00:00:00-04:00,38.9713509370942,39.05408143346217,38.83022047764519,39.020015716552734,726000,0.0,0.0,0.0
2024-06-05 00:00:00-04:00,39.34120813583976,39.44827288356246,39.11734716918541,39.438541412353516,697800,0.0,0.0,0.0
2024-06-06 00:00:00-04:00,39.496942867375736,39.60400390625,39.44341049149611,39.60400390625,525900,0.0,0.0,0.0
2024-06-07 00:00:00-04:00,39.2633455214042,39.39960839665854,39.11734746198318,39.13681411743164,1205100,0.0,0.0,0.0
2024-06-10 00:00:00-04:00,38.94215059095022,39.222465969016255,38.87401915452129,39.18547821044922,476000,0.0,0.0,0.0
2024-06-11 00:00:00-04:00,38.80680542664236,38.91061935799145,38.61796024798119,38.82658004760742,550600,0.627,0.0,0.0
2024-06-12 00:00:00-04:00,39.50878908265336,39.626444876232924,39.286331188218035,39.3604850769043,1277900,0.0,0.0,0.0
2024-06-13 00:00:00-04:00,39.11330871664843,39.12715057498355,38.727709242368476,38.88590621948242,733100,0.0,0.0,0.0
2024-06-14 00:00:00-04:00,38.3915489230653,38.500303678733765,38.21555744017986,38.460758209228516,1820800,0.0,0.0,0.0
2024-06-17 00:00:00-04:00,38.40143663728082,38.638728326577315,38.25807345835927,38.618953704833984,1076700,0.0,0.0,0.0
2024-06-18 00:00:00-04:00,38.63872603954789,38.83152387560431,38.61895141897502,38.80680465698242,1186100,0.0,0.0,0.0
2024-06-20 00:00:00-04:00,38.72770617469095,38.88095854122487,38.68816070516844,38.80680465698242,1101600,0.0,0.0,0.0
2024-06-21 00:00:00-04:00,38.49041978828671,38.604119146533485,38.41132130287732,38.54974365234375,830900,0.0,0.0,0.0
2024-06-24 00:00:00-04:00,38.82657927755529,39.01443251556269,38.77220001388571,38.80680465698242,718300,0.0,0.0,0.0
2024-06-25 00:00:00-04:00,38.80680695693773,38.960055560930975,38.762316886729415,38.915565490722656,756100,0.0,0.0,0.0
2024-06-26 00:00:00-04:00,38.57940369285956,38.67827302798331,38.505249805705056,38.599178314208984,2953400,0.0,0.0,0.0
2024-06-27 00:00:00-04:00,38.68816299512391,38.75737228541384,38.52502519445903,38.618953704833984,775400,0.0,0.0,0.0
2024-06-28 00:00:00-04:00,38.58928757426572,38.738583507927295,38.44098357751181,38.60906219482422,878400,0.0,0.0,0.0
2024-07-01 00:00:00-04:00,38.7870323322171,38.89579086599369,38.50030597437401,38.618953704833984,673500,0.0,0.0,0.0
2024-07-02 00:00:00-04:00,38.44098433915743,38.70397963171217,38.38166047630653,38.67827224731445,825400,0.0,0.0,0.0
2024-07-03 00:00:00-04:00,38.93533782911807,39.12319106724234,38.917539539104446,39.05398178100586,693600,0.0,0.0,0.0
2024-07-05 00:00:00-04:00,39.32093581040447,39.43957976925906,38.96500016221725,39.21217727661133,793800,0.0,0.0,0.0
2024-07-08 00:00:00-04:00,39.25172421523433,39.28138426030048,39.009491713406646,39.05398178100586,701500,0.0,0.0,0.0
2024-07-09 00:00:00-04:00,39.12319258249896,39.12319258249896,38.86118544993846,38.94522476196289,834400,0.0,0.0,0.0
2024-07-10 00:00:00-04:00,39.21217502194086,39.55822145354578,39.202289597447816,39.548336029052734,795400,0.0,0.0,0.0
2024-07-11 00:00:00-04:00,39.78562925246514,39.859779368105585,39.577997613801756,39.587886810302734,850200,0.0,0.0,0.0
2024-07-12 00:00:00-04:00,39.9042739666923,40.215715773165,39.82517547967631,40.05257797241211,634900,0.0,0.0,0.0
2024-07-15 00:00:00-04:00,39.99325788268403,39.99325788268403,39.66698228114634,39.7065315246582,1155000,0.0,0.0,0.0
2024-07-16 00:00:00-04:00,39.568113694557255,39.82517623901367,39.50878982816415,39.82517623901367,1072100,0.0,0.0,0.0
2024-07-17 00:00:00-04:00,39.49890442107322,39.60766295703217,39.37531586141506,39.42969512939453,1110900,0.0,0.0,0.0
2024-07-18 00:00:00-04:00,39.51867746049588,39.51867746049588,38.9056755135731,38.994659423828125,725300,0.0,0.0,0.0
2024-07-19 00:00:00-04:00,38.87601623083304,38.87601623083304,38.67333295837491,38.71782302856445,623300,0.0,0.0,0.0
2024-07-22 00:00:00-04:00,39.02432172839242,39.17262572531767,38.96005326859724,39.15285110473633,1294600,0.0,0.0,0.0
2024-07-23 00:00:00-04:00,38.9353385771036,38.94027940362739,38.81669085131325,38.82658004760742,534700,0.0,0.0,0.0
2024-07-24 00:00:00-04:00,38.71782377953008,38.76725844901844,38.28279340775955,38.29267883300781,1251000,0.0,0.0,0.0
2024-07-25 00:00:00-04:00,38.005950927734375,38.3618865682073,37.8329277057332,38.005950927734375,2866100,0.0,0.0,0.0
2024-07-26 00:00:00-04:00,38.31245269569662,38.57940443159048,38.28773347563066,38.52008056640625,978500,0.0,0.0,0.0
2024-07-29 00:00:00-04:00,38.44098583456542,38.47064588133304,38.22346876727369,38.32233810424805,448500,0.0,0.0,0.0
2024-07-30 00:00:00-04:00,38.5003051871223,38.52601257202531,38.263017274301305,38.40143585205078,709300,0.0,0.0,0.0
2024-07-31 00:00:00-04:00,39.05398405126274,39.23689647359107,38.94522551753364,39.06386947631836,1932000,0.0,0.0,0.0
2024-08-01 00:00:00-04:00,38.777145307584064,38.88095923873659,38.03066939696549,38.23335266113281,1172400,0.0,0.0,0.0
2024-08-02 00:00:00-04:00,37.75877381493604,37.82798310372962,37.36329270349037,37.65990447998047,1778700,0.0,0.0,0.0
2024-08-05 00:00:00-04:00,36.483341989223604,37.19026865617554,36.45367817209654,36.94803237915039,2459300,0.0,0.0,0.0
2024-08-06 00:00:00-04:00,36.77995603911885,37.35340499360528,36.710746747570894,37.10622787475586,1850300,0.0,0.0,0.0
2024-08-07 00:00:00-04:00,37.71922908714822,37.83787304575735,37.22487485938284,37.23476028442383,987300,0.0,0.0,0.0
2024-08-08 00:00:00-04:00,37.620356785200656,37.95651781815334,37.49182362717134,37.89719772338867,725100,0.0,0.0,0.0
2024-08-09 00:00:00-04:00,37.798323819470085,38.08010557855907,37.70933990756706,38.07516098022461,522400,0.0,0.0,0.0
2024-08-12 00:00:00-04:00,38.035614782959655,38.150302306442825,37.94168627451369,38.055389404296875,454200,0.0,0.0,0.0
2024-08-13 00:00:00-04:00,38.2827919102222,38.668387597420725,38.2827919102222,38.64861297607422,728700,0.0,0.0,0.0
2024-08-14 00:00:00-04:00,38.70793609344037,38.84635466857248,38.638726805874306,38.82658004760742,688400,0.0,0.0,0.0
2024-08-15 00:00:00-04:00,39.13308105850353,39.35059434611367,39.113306437516556,39.27149963378906,430900,0.0,0.0,0.0
2024-08-16 00:00:00-04:00,39.35059359841482,39.528561412292746,39.31104435719234,39.4989013671875,525100,0.0,0.0,0.0
2024-08-19 00:00:00-04:00,39.67687072336458,39.96161697366384,39.66698152686294,39.93393325805664,698700,0.0,0.0,0.0
2024-08-20 00:00:00-04:00,39.94382168957118,39.998200954418635,39.78562849318494,39.864723205566406,731100,0.0,0.0,0.0
2024-08-21 00:00:00-04:00,40.072353383067096,40.289870455019866,40.01797411507891,40.22066116333008,996300,0.0,0.0,0.0
2024-08-22 00:00:00-04:00,40.388738229093036,40.39170649669245,39.93492141761627,39.983367919921875,463300,0.0,0.0,0.0
2024-08-23 00:00:00-04:00,40.26020813384212,40.67051926236599,40.20484070361728,40.65568923950195,472900,0.0,0.0,0.0
2024-08-26 00:00:00-04:00,40.58647919097446,40.62602843228613,40.45794604252314,40.537044525146484,1634900,0.0,0.0,0.0
2024-08-27 00:00:00-04:00,40.51727220314338,40.69524002751925,40.48761215628855,40.64580535888672,649800,0.0,0.0,0.0
2024-08-28 00:00:00-04:00,40.586482240903386,40.68535535161253,40.36896894059033,40.51727294921875,503700,0.0,0.0,0.0
2024-08-29 00:00:00-04:00,40.70512467641621,40.92264174019979,40.64876907981727,40.67546463012695,703700,0.0,0.0,0.0
2024-08-30 00:00:00-04:00,40.76445007324219,40.85343398707888,40.52221755231812,40.76445007324219,725600,0.0,0.0,0.0
2024-09-03 00:00:00-04:00,40.52716213661161,40.54693298712528,39.93393478736625,40.022918701171875,533700,0.0,0.0,0.0
2024-09-04 00:00:00-04:00,39.686756165518354,39.963593321710825,39.686756165518354,39.78562927246094,1240200,0.0,0.0,0.0
2024-09-05 00:00:00-04:00,39.627436053059895,39.71641619182843,39.43957903577509,39.587886810302734,483700,0.0,0.0,0.0
2024-09-06 00:00:00-04:00,39.528562109943906,39.63732063941362,38.876014704748926,38.92544937133789,667600,0.0,0.0,0.0
2024-09-09 00:00:00-04:00,39.18251645540838,39.38519972396154,39.14791181094207,39.24183654785156,500500,0.0,0.0,0.0
2024-09-10 00:00:00-04:00,39.192402661558944,39.192402661558944,38.821636989904505,39.162742614746094,639000,0.0,0.0,0.0
2024-09-11 00:00:00-04:00,39.271500385836724,39.464298229622685,38.8018616145549,39.439579010009766,784200,0.0,0.0,0.0
2024-09-12 00:00:00-04:00,39.439579055596965,39.78562927246094,39.320935098889244,39.78562927246094,523200,0.0,0.0,0.0
2024-09-13 00:00:00-04:00,39.84494935342587,40.022917174247425,39.82023390541494,39.884498596191406,435300,0.0,0.0,0.0
2024-09-16 00:00:00-04:00,40.03280484480535,40.176164244025045,39.914157121031266,40.14155960083008,662200,0.0,0.0,0.0
2024-09-17 00:00:00-04:00,40.13167570023235,40.15145032161226,39.81825379737703,39.93393325805664,565800,0.0,0.0,0.0
2024-09-18 00:00:00-04:00,39.94382243447138,40.24537881002243,39.68181153003688,39.73619079589844,537500,0.0,0.0,0.0
2024-09-19 00:00:00-04:00,40.537046063583865,40.655690020398346,40.274050764964365,40.576595306396484,493400,0.0,0.0,0.0
2024-09-20 00:00:00-04:00,40.26021038749279,40.26021038749279,39.958654000299376,40.07235336303711,585200,0.0,0.0,0.0
2024-09-23 00:00:00-04:00,40.18110887339036,40.31557478512311,40.14155963210152,40.28986740112305,431500,0.0,0.0,0.0
2024-09-24 00:00:00-04:00,40.5073867713302,40.705125445827434,40.420379189847466,40.69524002075195,610500,0.0,0.0,0.0
2024-09-25 00:00:00-04:00,40.7545631333015,40.7545631333015,40.49255599997107,40.52716064453125,437900,0.0,0.0,0.0
2024-09-26 00:00:00-04:00,41.24891661605259,41.42688443392924,41.09072341923149,41.34778594970703,1210300,0.0,0.0,0.0
2024-09-27 00:00:00-04:00,41.35767744749465,41.456546786650925,41.13027117851289,41.159934997558594,451900,0.0,0.0,0.0
2024-09-30 00:00:00-04:00,41.169818895811844,41.169818895811844,40.75950398744745,41.021514892578125,2068800,0.0,0.0,0.0
2024-10-01 00:00:00-04:00,40.96219252305967,40.97207794831996,40.50738752861592,40.76445007324219,1051100,0.0,0.0,0.0
2024-10-02 00:00:00-04:00,40.67546312529753,40.84354551517285,40.57659379357552,40.73478698730469,1191500,0.0,0.0,0.0
2024-10-03 00:00:00-04:00,40.39862897560361,40.46783826726702,40.23746750242771,40.31953048706055,1574700,0.0,0.0,0.0
2024-10-04 00:00:00-04:00,40.27009430079861,40.47772216796875,40.23548965627025,40.47772216796875,512900,0.0,0.0,0.0
2024-10-07 00:00:00-04:00,40.418400549500156,40.44806059465516,40.1455160648797,40.28986740112305,382100,0.0,0.0,0.0
2024-10-08 00:00:00-04:00,40.220658122553395,40.23054354706592,40.072350353502834,40.19099807739258,480600,0.0,0.0,0.0
2024-10-09 00:00:00-04:00,40.022917941742755,40.29975510316353,40.00314331998077,40.25032043457031,477700,0.0,0.0,0.0
2024-10-10 00:00:00-04:00,40.102014933309775,40.26020812988281,39.973481782461896,40.26020812988281,470000,0.0,0.0,0.0
2024-10-11 00:00:00-04:00,40.25031895209213,40.51727067861142,40.25031895209213,40.50738525390625,652300,0.0,0.0,0.0
2024-10-14 00:00:00-04:00,40.368965899133336,40.67051849211211,40.36105303357395,40.63591384887695,296900,0.0,0.0,0.0
2024-10-15 00:00:00-04:00,40.52716059633006,40.52716059633006,39.760910047035864,39.83506393432617,556500,0.0,0.0,0.0
2024-10-16 00:00:00-04:00,39.854837785708355,39.87461240671194,39.74607925600026,39.81528854370117,518600,0.0,0.0,0.0
2024-10-17 00:00:00-04:00,39.92404785055717,39.94283053499639,39.78068467420796,39.78562927246094,433100,0.0,0.0,0.0
2024-10-18 00:00:00-04:00,40.07235109241942,40.10201490975046,39.94382171327036,40.06246566772461,364900,0.0,0.0,0.0
2024-10-21 00:00:00-04:00,39.924046309098614,39.9586509522866,39.602715324282656,39.6966438293457,395700,0.0,0.0,0.0
2024-10-22 00:00:00-04:00,39.38025741898779,39.48407134848951,39.34564900419731,39.449466705322266,979400,0.0,0.0,0.0
2024-10-23 00:00:00-04:00,39.09353406381698,39.20229259968567,38.871072393642784,39.08364486694336,498700,0.0,0.0,0.0
2024-10-24 00:00:00-04:00,39.35059357071098,39.38519821385047,39.088586448137164,39.3011589050293,487000,0.0,0.0,0.0
2024-10-25 00:00:00-04:00,39.36048506061982,39.4049751308391,39.07375870268409,39.162742614746094,428100,0.0,0.0,0.0
2024-10-28 00:00:00-04:00,39.37037048188877,39.528563684247814,39.31104661664533,39.5087890625,443500,0.0,0.0,0.0
2024-10-29 00:00:00-04:00,39.26161193847656,39.37037047225118,39.18251722312812,39.26161193847656,877700,0.0,0.0,0.0
2024-10-30 00:00:00-04:00,38.836467770670914,39.10341951206282,38.8008749594767,38.935340881347656,499900,0.0,0.0,0.0
2024-10-31 00:00:00-04:00,38.66838682735463,38.66838682735463,38.2877319743558,38.62883758544922,883500,0.0,0.0,0.0
2024-11-01 00:00:00-04:00,38.82658001863007,38.89084470800107,38.614007557943445,38.67827224731445,588000,0.0,0.0,0.0
2024-11-04 00:00:00-05:00,38.806804625052315,38.92050775034694,38.604117593064615,38.65849685668945,644700,0.0,0.0,0.0
2024-11-05 00:00:00-05:00,38.68816145837253,39.01048061390124,38.68816145837253,38.974884033203125,508300,0.0,0.0,0.0
2024-11-06 00:00:00-05:00,38.47064363369903,38.47064363369903,38.164142672388195,38.460758209228516,916100,0.0,0.0,0.0
2024-11-07 00:00:00-05:00,38.90567627406426,39.1380233649176,38.846356180483625,39.06386947631836,920800,0.0,0.0,0.0
2024-11-08 00:00:00-05:00,38.61895367504663,38.63872829677471,38.36188736420509,38.52008056640625,1198100,0.0,0.0,0.0
2024-11-11 00:00:00-05:00,38.61895217021601,38.68816145775574,38.49635178325327,38.52996826171875,2327400,0.0,0.0,0.0
2024-11-12 00:00:00-05:00,38.11470948182244,38.11470948182244,37.61739076748586,37.80821228027344,656300,0.0,0.0,0.0
2024-11-13 00:00:00-05:00,37.68956529565351,37.699454492324996,37.392953513107464,37.67967987060547,1748300,0.0,0.0,0.0
2024-11-14 00:00:00-05:00,37.897196158506055,38.00595091829165,37.659904474375274,37.7093391418457,2220500,0.0,0.0,0.0
2024-11-15 00:00:00-05:00,37.58080752355335,37.58080752355335,37.373179648726044,37.45227813720703,854200,0.0,0.0,0.0
2024-11-18 00:00:00-05:00,37.43250122264755,37.73899841768208,37.40086107486816,37.6895637512207,794600,0.0,0.0,0.0
2024-11-19 00:00:00-05:00,37.363291944413646,37.65990371487775,37.284193460757464,37.590694427490234,1521000,0.0,0.0,0.0
2024-11-20 00:00:00-05:00,37.45227813720703,37.472052759327276,37.214986443387595,37.45227813720703,1014100,0.0,0.0,0.0
2024-11-21 00:00:00-05:00,37.501712819225595,37.66485062305449,37.378124259650406,37.650020599365234,1070300,0.0,0.0,0.0
2024-11-22 00:00:00-05:00,37.65001754388609,37.898182808259484,37.62035372729141,37.81809616088867,674600,0.0,0.0,0.0
2024-11-25 00:00:00-05:00,38.11470868726003,38.17403255001186,37.89225080228142,37.986175537109375,943800,0.0,0.0,0.0
2024-11-26 00:00:00-05:00,37.976291633208035,37.996066254917174,37.729114519278895,37.82798385620117,739000,0.0,0.0,0.0
2024-11-27 00:00:00-05:00,38.035614777303806,38.12953951411243,37.956516291966686,38.10482406616211,740100,0.0,0.0,0.0
2024-11-29 00:00:00-05:00,38.22346802036384,38.52996899359267,38.17403335284264,38.50030517578125,224400,0.0,0.0,0.0
2024-12-02 00:00:00-05:00,38.56951447936173,38.8068061638268,38.39649125715979,38.74748229980469,593300,0.0,0.0,0.0
2024-12-03 00:00:00-05:00,38.92545014631689,39.00454863173268,38.801861591572255,38.895790100097656,663900,0.0,0.0,0.0
2024-12-04 00:00:00-05:00,39.024323241662046,39.08364333408315,38.92743023719243,38.994659423828125,671700,0.0,0.0,0.0
2024-12-05 00:00:00-05:00,39.142966454468564,39.227005764884076,39.083642591551154,39.123191833496094,777000,0.0,0.0,0.0
2024-12-06 00:00:00-05:00,39.26161272999116,39.26161272999116,39.043107492693224,39.13308334350586,716400,0.0,0.0,0.0
2024-12-09 00:00:00-05:00,39.38026046284092,39.43463595920099,39.10539585520876,39.13308334350586,719500,0.0,0.0,0.0
2024-12-10 00:00:00-05:00,38.98477321460918,38.98477321460918,38.66838682265095,38.67827224731445,844600,0.0,0.0,0.0
2024-12-11 00:00:00-05:00,38.9056755192608,38.98477400466499,38.796920759265085,38.94522476196289,1005200,0.0,0.0,0.0
2024-12-12 00:00:00-05:00,38.698048390335494,38.83152614409415,38.4805313229501,38.52008056640625,958300,0.0,0.0,0.0
2024-12-13 00:00:00-05:00,38.60906371298114,38.60906371298114,38.34705658061922,38.450870513916016,852400,0.0,0.0,0.0
2024-12-16 00:00:00-05:00,38.39155043286935,38.52007981415666,38.31344011282533,38.35200119018555,2614600,0.0,0.0,0.0
2024-12-17 00:00:00-05:00,38.349998474121094,38.5,38.290000915527344,38.34000015258789,1318800,0.438,0.0,0.0
2024-12-18 00:00:00-05:00,38.29999923706055,38.367000579833984,37.290000915527344,37.349998474121094,991400,0.0,0.0,0.0
2024-12-19 00:00:00-05:00,37.45000076293945,37.5,37.194000244140625,37.2400016784668,1941700,0.0,0.0,0.0
2024-12-20 00:00:00-05:00,36.709999084472656,37.345001220703125,36.68000030517578,37.060001373291016,1837300,0.0,0.0,0.0
2024-12-23 00:00:00-05:00,37.09000015258789,37.34000015258789,36.959999084472656,37.34000015258789,1308500,0.0,0.0,0.0
2024-12-24 00:00:00-05:00,37.31999969482422,37.42499923706055,37.20000076293945,37.41999816894531,541100,0.0,0.0,0.0
2024-12-26 00:00:00-05:00,37.40999984741211,37.57699966430664,37.369998931884766,37.52000045776367,927400,0.0,0.0,0.0
2024-12-27 00:00:00-05:00,37.380001068115234,37.4900016784668,37.27000045776367,37.439998626708984,1005400,0.0,0.0,0.0
2024-12-30 00:00:00-05:00,37.20000076293945,37.2599983215332,36.948001861572266,37.13999938964844,1349200,0.0,0.0,0.0
2024-12-31 00:00:00-05:00,37.29999923706055,37.310001373291016,37.029998779296875,37.119998931884766,1031700,0.0,0.0,0.0
2025-01-02 00:00:00-05:00,37.209999084472656,37.28200149536133,36.91999816894531,37.04999923706055,1062800,0.0,0.0,0.0
2025-01-03 00:00:00-05:00,37.150001525878906,37.26100158691406,37.02000045776367,37.220001220703125,837400,0.0,0.0,0.0
2025-01-06 00:00:00-05:00,37.529998779296875,37.8650016784668,37.525001525878906,37.650001525878906,1030000,0.0,0.0,0.0
2025-01-07 00:00:00-05:00,37.959999084472656,37.970001220703125,37.54399871826172,37.619998931884766,1010200,0.0,0.0,0.0
2025-01-08 00:00:00-05:00,37.45000076293945,37.63800048828125,37.31999969482422,37.56999969482422,1149100,0.0,0.0,0.0
2025-01-10 00:00:00-05:00,37.38999938964844,37.38999938964844,36.97999954223633,37.06999969482422,1191500,0.0,0.0,0.0
2025-01-13 00:00:00-05:00,36.619998931884766,36.90999984741211,36.56999969482422,36.90999984741211,2028000,0.0,0.0,0.0
2025-01-14 00:00:00-05:00,37.02000045776367,37.04999923706055,36.78499984741211,37.040000915527344,1426600,0.0,0.0,0.0
2025-01-15 00:00:00-05:00,37.459999084472656,37.5,37.244998931884766,37.369998931884766,789300,0.0,0.0,0.0
2025-01-16 00:00:00-05:00,37.58000183105469,37.88999938964844,37.540000915527344,37.7400016784668,1662200,0.0,0.0,0.0
2025-01-17 00:00:00-05:00,37.88999938964844,38.05500030517578,37.77000045776367,37.83000183105469,803500,0.0,0.0,0.0
2025-01-21 00:00:00-05:00,38.2599983215332,38.5099983215332,38.20500183105469,38.5099983215332,1720900,0.0,0.0,0.0
2025-01-22 00:00:00-05:00,38.66999816894531,38.69599914550781,38.5,38.5,785000,0.0,0.0,0.0
2025-01-23 00:00:00-05:00,38.529998779296875,38.7599983215332,38.48500061035156,38.7599983215332,777700,0.0,0.0,0.0
2025-01-24 00:00:00-05:00,38.97999954223633,39.08000183105469,38.91999816894531,38.939998626708984,637800,0.0,0.0,0.0
2025-01-27 00:00:00-05:00,38.68000030517578,38.91999816894531,38.68000030517578,38.90999984741211,911500,0.0,0.0,0.0
2025-01-28 00:00:00-05:00,38.779998779296875,38.810001373291016,38.49300003051758,38.709999084472656,1170700,0.0,0.0,0.0
2025-01-29 00:00:00-05:00,38.790000915527344,38.87699890136719,38.619998931884766,38.779998779296875,931600,0.0,0.0,0.0
2025-01-30 00:00:00-05:00,39.18000030517578,39.40999984741211,39.07699966430664,39.209999084472656,1178000,0.0,0.0,0.0
2025-01-31 00:00:00-05:00,39.189998626708984,39.349998474121094,38.849998474121094,38.880001068115234,1399200,0.0,0.0,0.0
2025-02-03 00:00:00-05:00,38.279998779296875,38.7400016784668,38.220001220703125,38.5099983215332,1525700,0.0,0.0,0.0
2025-02-04 00:00:00-05:00,38.720001220703125,39.0,38.709999084472656,38.91999816894531,1014100,0.0,0.0,0.0
2025-02-05 00:00:00-05:00,39.16999816894531,39.375999450683594,39.099998474121094,39.33000183105469,808600,0.0,0.0,0.0
2025-02-06 00:00:00-05:00,39.380001068115234,39.57500076293945,39.334999084472656,39.47999954223633,8385700,0.0,0.0,0.0
2025-02-07 00:00:00-05:00,39.45000076293945,39.474998474121094,39.025001525878906,39.08000183105469,4983800,0.0,0.0,0.0
2025-02-10 00:00:00-05:00,39.310001373291016,39.415000915527344,39.27399826049805,39.380001068115234,664700,0.0,0.0,0.0
2025-02-11 00:00:00-05:00,39.369998931884766,39.61000061035156,39.34000015258789,39.58000183105469,867200,0.0,0.0,0.0
2025-02-12 00:00:00-05:00,39.33000183105469,39.81999969482422,39.310001373291016,39.7400016784668,1052300,0.0,0.0,0.0
2025-02-13 00:00:00-05:00,39.900001525878906,40.2599983215332,39.84000015258789,40.25,1030000,0.0,0.0,0.0
2025-02-14 00:00:00-05:00,40.43000030517578,40.47800064086914,40.20000076293945,40.220001220703125,805700,0.0,0.0,0.0
2025-02-18 00:00:00-05:00,40.459999084472656,40.54999923706055,40.38999938964844,40.5,629300,0.0,0.0,0.0
2025-02-19 00:00:00-05:00,40.099998474121094,40.20500183105469,40.00400161743164,40.099998474121094,903300,0.0,0.0,0.0
2025-02-20 00:00:00-05:00,40.2599983215332,40.435001373291016,40.16999816894531,40.41999816894531,775600,0.0,0.0,0.0
2025-02-21 00:00:00-05:00,40.470001220703125,40.470001220703125,40.125,40.220001220703125,892700,0.0,0.0,0.0
2025-02-24 00:00:00-05:00,40.2599983215332,40.38999938964844,40.060001373291016,40.13999938964844,10702900,0.0,0.0,0.0
2025-02-25 00:00:00-05:00,40.45000076293945,40.459999084472656,40.18000030517578,40.36000061035156,6686400,0.0,0.0,0.0
2025-02-26 00:00:00-05:00,40.439998626708984,40.619998931884766,40.220001220703125,40.33000183105469,1740200,0.0,0.0,0.0
2025-02-27 00:00:00-05:00,40.150001525878906,40.150001525878906,39.744998931884766,39.7599983215332,934700,0.0,0.0,0.0
2025-02-28 00:00:00-05:00,39.72999954223633,39.875,39.470001220703125,39.869998931884766,1187100,0.0,0.0,0.0
2025-03-03 00:00:00-05:00,40.560001373291016,40.650001525878906,39.95000076293945,40.18000030517578,1285100,0.0,0.0,0.0
2025-03-04 00:00:00-05:00,39.939998626708984,40.630001068115234,39.66600036621094,40.22999954223633,2175300,0.0,0.0,0.0
2025-03-05 00:00:00-05:00,40.599998474121094,41.0099983215332,40.571998596191406,40.88999938964844,2811900,0.0,0.0,0.0
2025-03-06 00:00:00-05:00,40.5,40.875,40.369998931884766,40.380001068115234,4346800,0.0,0.0,0.0
2025-03-07 00:00:00-05:00,40.4900016784668,40.94499969482422,40.47999954223633,40.91999816894531,2832800,0.0,0.0,0.0
2025-03-10 00:00:00-04:00,40.349998474121094,40.459999084472656,39.78300094604492,40.06999969482422,1199000,0.0,0.0,0.0
2025-03-11 00:00:00-04:00,40.189998626708984,40.189998626708984,39.654998779296875,39.97999954223633,1889200,0.0,0.0,0.0
2025-03-12 00:00:00-04:00,40.150001525878906,40.2400016784668,39.849998474121094,40.13999938964844,1105400,0.0,0.0,0.0
2025-03-13 00:00:00-04:00,39.970001220703125,40.08000183105469,39.77000045776367,39.88999938964844,857600,0.0,0.0,0.0
2025-03-14 00:00:00-04:00,40.20000076293945,40.599998474121094,40.15999984741211,40.599998474121094,926100,0.0,0.0,0.0
2025-03-17 00:00:00-04:00,40.63999938964844,41.066001892089844,40.63999938964844,40.9900016784668,873800,0.0,0.0,0.0
2025-03-18 00:00:00-04:00,40.95000076293945,40.994998931884766,40.709999084472656,40.95000076293945,2145500,0.0,0.0,0.0
2025-03-19 00:00:00-04:00,40.83000183105469,41.18000030517578,40.7599983215332,41.029998779296875,1056900,0.0,0.0,0.0
2025-03-20 00:00:00-04:00,40.54999923706055,40.83000183105469,40.52000045776367,40.81999969482422,1211700,0.0,0.0,0.0
2025-03-21 00:00:00-04:00,40.43000030517578,40.53499984741211,40.33000183105469,40.4900016784668,914800,0.0,0.0,0.0
2025-03-24 00:00:00-04:00,40.43000030517578,40.56800079345703,40.34000015258789,40.47999954223633,677800,0.0,0.0,0.0
2025-03-25 00:00:00-04:00,40.7599983215332,40.810001373291016,40.569000244140625,40.63999938964844,1024600,0.0,0.0,0.0
2025-03-26 00:00:00-04:00,40.43000030517578,40.55500030517578,40.099998474121094,40.20000076293945,876500,0.0,0.0,0.0
2025-03-27 00:00:00-04:00,40.150001525878906,40.375,40.13100051879883,40.29999923706055,519000,0.0,0.0,0.0
2025-03-28 00:00:00-04:00,40.220001220703125,40.220001220703125,39.97999954223633,40.02000045776367,741100,0.0,0.0,0.0
2025-03-31 00:00:00-04:00,39.5,39.7599983215332,39.349998474121094,39.689998626708984,952400,0.0,0.0,0.0
2025-04-01 00:00:00-04:00,39.75,39.93000030517578,39.57500076293945,39.79999923706055,1001700,0.0,0.0,0.0
2025-04-02 00:00:00-04:00,39.59000015258789,39.9900016784668,39.59000015258789,39.959999084472656,902200,0.0,0.0,0.0
2025-04-03 00:00:00-04:00,39.790000915527344,39.89500045776367,39.30500030517578,39.349998474121094,1344100,0.0,0.0,0.0
2025-04-04 00:00:00-04:00,38.099998474121094,38.165000915527344,36.900001525878906,36.93000030517578,2372400,0.0,0.0,0.0
2025-04-07 00:00:00-04:00,35.7400016784668,37.470001220703125,35.5099983215332,35.97999954223633,2059000,0.0,0.0,0.0
2025-04-08 00:00:00-04:00,37.22999954223633,37.26499938964844,35.52000045776367,35.900001525878906,2561900,0.0,0.0,0.0
2025-04-09 00:00:00-04:00,35.95000076293945,38.65999984741211,35.83000183105469,38.619998931884766,3197400,0.0,0.0,0.0
2025-04-10 00:00:00-04:00,37.880001068115234,38.125999450683594,37.099998474121094,37.97999954223633,3005400,0.0,0.0,0.0
2025-04-11 00:00:00-04:00,38.06999969482422,39.03499984741211,38.06999969482422,38.93000030517578,2109500,0.0,0.0,0.0
2025-04-14 00:00:00-04:00,39.20000076293945,39.540000915527344,38.970001220703125,39.279998779296875,1576000,0.0,0.0,0.0
2025-04-15 00:00:00-04:00,39.5,39.7599983215332,39.459999084472656,39.540000915527344,723700,0.0,0.0,0.0
2025-04-16 00:00:00-04:00,39.470001220703125,39.75,39.189998626708984,39.36000061035156,1071300,0.0,0.0,0.0
2025-04-17 00:00:00-04:00,39.709999084472656,40.01900100708008,39.630001068115234,39.7599983215332,1199000,0.0,0.0,0.0
2025-04-21 00:00:00-04:00,39.880001068115234,39.91999816894531,39.334999084472656,39.599998474121094,771100,0.0,0.0,0.0
2025-04-22 00:00:00-04:00,40.09000015258789,40.5099983215332,40.060001373291016,40.29999923706055,1065100,0.0,0.0,0.0
2025-04-23 00:00:00-04:00,40.560001373291016,40.689998626708984,40.18000030517578,40.279998779296875,1035000,0.0,0.0,0.0
2025-04-24 00:00:00-04:00,40.529998779296875,40.904998779296875,40.494998931884766,40.88999938964844,1032400,0.0,0.0,0.0
2025-04-25 00:00:00-04:00,40.77000045776367,40.95000076293945,40.67499923706055,40.93000030517578,870500,0.0,0.0,0.0
